 Procedimentos hospitalares do SUS - por local de internação - Brasil
Valor total por Município e Ano processamento
Período:Dez/2012
"Município";"2012";"Total"
"110001 ALTA FLORESTA D'OESTE";50811,91;50811,91
"110002 ARIQUEMES";206961,37;206961,37
"110003 CABIXI";9281,27;9281,27
"110004 CACOAL";300108,51;300108,51
"110005 CEREJEIRAS";46568,38;46568,38
"110006 COLORADO DO OESTE";28464,17;28464,17
"110009 ESPIGAO D'OESTE";35000,81;35000,81
"110010 GUAJARA-MIRIM";90507,55;90507,55
"110011 JARU";44991,36;44991,36
"110012 JI-PARANA";327160,79;327160,79
"110013 MACHADINHO D'OESTE";42559,09;42559,09
"110014 NOVA BRASILANDIA D'OESTE";40990,32;40990,32
"110015 OURO PRETO DO OESTE";82960,55;82960,55
"110018 PIMENTA BUENO";30128,53;30128,53
"110020 PORTO VELHO";1191275,60;1191275,60
"110025 PRESIDENTE MEDICI";20101,14;20101,14
"110028 ROLIM DE MOURA";138138,82;138138,82
"110029 SANTA LUZIA D'OESTE";15078,08;15078,08
"110030 VILHENA";309378,76;309378,76
"110032 SAO MIGUEL DO GUAPORE";40121,49;40121,49
"110033 NOVA MAMORE";30497,15;30497,15
"110034 ALVORADA D'OESTE";18998,26;18998,26
"110037 ALTO ALEGRE DOS PARECIS";2720,42;2720,42
"110040 ALTO PARAISO";20890,46;20890,46
"110045 BURITIS";13295,23;13295,23
"110050 NOVO HORIZONTE DO OESTE";10088,17;10088,17
"110060 CACAULANDIA";987,62;987,62
"110070 CAMPO NOVO DE RONDONIA";17771,41;17771,41
"110100 GOVERNADOR JORGE TEIXEIRA";4899,43;4899,43
"110120 MINISTRO ANDREAZZA";13152,11;13152,11
"110143 NOVA UNIAO";2584,33;2584,33
"110145 PARECIS";728,87;728,87
"110146 PIMENTEIRAS DO OESTE";846,63;846,63
"110149 SAO FRANCISCO DO GUAPORE";2392,67;2392,67
"110155 TEIXEIROPOLIS";8009,95;8009,95
"110170 URUPA";1022,70;1022,70
"110175 VALE DO ANARI";922,35;922,35
"110180 VALE DO PARAISO";786,92;786,92
"120001 ACRELANDIA";3283,36;3283,36
"120005 ASSIS BRASIL";6808,75;6808,75
"120010 BRASILEIA";53105,40;53105,40
"120020 CRUZEIRO DO SUL";434751,00;434751,00
"120030 FEIJO";13770,52;13770,52
"120033 MANCIO LIMA";6879,60;6879,60
"120034 MANOEL URBANO";4767,03;4767,03
"120038 PLACIDO DE CASTRO";11293,56;11293,56
"120039 PORTO WALTER";6799,18;6799,18
"120040 RIO BRANCO";1889005,65;1889005,65
"120042 RODRIGUES ALVES";4044,94;4044,94
"120043 SANTA ROSA DO PURUS";6929,67;6929,67
"120045 SENADOR GUIOMARD";33113,90;33113,90
"120050 SENA MADUREIRA";94971,93;94971,93
"120060 TARAUACA";56661,78;56661,78
"120070 XAPURI";26413,72;26413,72
"130002 ALVARAES";18206,08;18206,08
"130006 AMATURA";4011,86;4011,86
"130010 ANORI";6637,38;6637,38
"130014 APUI";37833,70;37833,70
"130030 AUTAZES";21034,99;21034,99
"130050 BARREIRINHA";31911,94;31911,94
"130060 BENJAMIN CONSTANT";56418,04;56418,04
"130063 BERURI";32571,11;32571,11
"130070 BOCA DO ACRE";43912,48;43912,48
"130080 BORBA";49321,55;49321,55
"130083 CAAPIRANGA";9432,89;9432,89
"130090 CANUTAMA";9841,63;9841,63
"130100 CARAUARI";39778,78;39778,78
"130110 CAREIRO";2542,66;2542,66
"130120 COARI";129191,18;129191,18
"130130 CODAJAS";32665,08;32665,08
"130140 EIRUNEPE";24750,71;24750,71
"130165 GUAJARA";12448,25;12448,25
"130170 HUMAITA";58717,57;58717,57
"130180 IPIXUNA";33945,39;33945,39
"130185 IRANDUBA";35429,81;35429,81
"130190 ITACOATIARA";130899,99;130899,99
"130200 ITAPIRANGA";7143,82;7143,82
"130220 JURUA";20938,65;20938,65
"130230 JUTAI";30253,77;30253,77
"130240 LABREA";48356,98;48356,98
"130250 MANACAPURU";109091,05;109091,05
"130260 MANAUS";7210369,18;7210369,18
"130270 MANICORE";34235,83;34235,83
"130280 MARAA";16617,99;16617,99
"130290 MAUES";96899,02;96899,02
"130300 NHAMUNDA";8488,49;8488,49
"130320 NOVO AIRAO";15661,45;15661,45
"130330 NOVO ARIPUANA";36955,11;36955,11
"130340 PARINTINS";152447,47;152447,47
"130350 PAUINI";25960,79;25960,79
"130353 PRESIDENTE FIGUEIREDO";29802,76;29802,76
"130356 RIO PRETO DA EVA";9064,62;9064,62
"130395 SAO SEBASTIAO DO UATUMA";9070,56;9070,56
"130400 SILVES";11907,00;11907,00
"130410 TAPAUA";13591,46;13591,46
"130420 TEFE";120435,06;120435,06
"130430 URUCARA";20824,58;20824,58
"130440 URUCURITUBA";14419,97;14419,97
"140010 BOA VISTA";1524978,09;1524978,09
"140015 BONFIM";3395,07;3395,07
"140020 CARACARAI";11177,20;11177,20
"140040 NORMANDIA";15510,77;15510,77
"140050 SAO JOAO DA BALIZA";7588,22;7588,22
"140060 SAO LUIZ";4074,62;4074,62
"150010 ABAETETUBA";336543,56;336543,56
"150013 ABEL FIGUEIREDO";8459,59;8459,59
"150020 ACARA";48827,62;48827,62
"150030 AFUA";25339,83;25339,83
"150034 AGUA AZUL DO NORTE";11575,20;11575,20
"150040 ALENQUER";193558,69;193558,69
"150050 ALMEIRIM";12707,27;12707,27
"150060 ALTAMIRA";857664,20;857664,20
"150070 ANAJAS";25706,16;25706,16
"150080 ANANINDEUA";2309740,48;2309740,48
"150090 AUGUSTO CORREA";99034,70;99034,70
"150095 AURORA DO PARA";80255,72;80255,72
"150125 BANNACH";15341,50;15341,50
"150130 BARCARENA";190577,80;190577,80
"150140 BELEM";10981704,03;10981704,03
"150145 BELTERRA";9092,52;9092,52
"150150 BENEVIDES";34655,28;34655,28
"150157 BOM JESUS DO TOCANTINS";37774,37;37774,37
"150170 BRAGANCA";1158896,03;1158896,03
"150172 BRASIL NOVO";119314,61;119314,61
"150175 BREJO GRANDE DO ARAGUAIA";9086,22;9086,22
"150178 BREU BRANCO";26586,80;26586,80
"150180 BREVES";306622,50;306622,50
"150190 BUJARU";78226,86;78226,86
"150200 CACHOEIRA DO ARARI";34538,85;34538,85
"150210 CAMETA";253123,16;253123,16
"150215 CANAA DOS CARAJAS";38040,87;38040,87
"150220 CAPANEMA";440275,73;440275,73
"150230 CAPITAO POCO";206097,04;206097,04
"150240 CASTANHAL";806586,09;806586,09
"150270 CONCEICAO DO ARAGUAIA";161689,36;161689,36
"150275 CONCORDIA DO PARA";13021,17;13021,17
"150276 CUMARU DO NORTE";7461,05;7461,05
"150277 CURIONOPOLIS";51090,00;51090,00
"150280 CURRALINHO";26177,62;26177,62
"150293 DOM ELISEU";153190,55;153190,55
"150295 ELDORADO DOS CARAJAS";87929,02;87929,02
"150304 FLORESTA DO ARAGUAIA";50413,46;50413,46
"150309 GOIANESIA DO PARA";64970,63;64970,63
"150310 GURUPA";34756,20;34756,20
"150320 IGARAPE-ACU";22971,19;22971,19
"150330 IGARAPE-MIRI";158804,62;158804,62
"150340 INHANGAPI";11699,78;11699,78
"150345 IPIXUNA DO PARA";125110,09;125110,09
"150350 IRITUIA";42657,83;42657,83
"150360 ITAITUBA";280638,32;280638,32
"150370 ITUPIRANGA";48991,19;48991,19
"150380 JACUNDA";153416,88;153416,88
"150390 JURUTI";60640,12;60640,12
"150400 LIMOEIRO DO AJURU";48499,08;48499,08
"150405 MAE DO RIO";67471,11;67471,11
"150420 MARABA";371604,41;371604,41
"150430 MARACANA";5179,55;5179,55
"150440 MARAPANIM";9403,88;9403,88
"150442 MARITUBA";346607,03;346607,03
"150445 MEDICILANDIA";54562,33;54562,33
"150460 MOCAJUBA";69897,24;69897,24
"150470 MOJU";78583,63;78583,63
"150480 MONTE ALEGRE";111274,39;111274,39
"150490 MUANA";58251,93;58251,93
"150503 NOVO PROGRESSO";63086,60;63086,60
"150506 NOVO REPARTIMENTO";37845,60;37845,60
"150510 OBIDOS";115122,20;115122,20
"150520 OEIRAS DO PARA";30955,55;30955,55
"150530 ORIXIMINA";154194,72;154194,72
"150540 OUREM";7378,76;7378,76
"150543 OURILANDIA DO NORTE";87759,96;87759,96
"150548 PACAJA";46635,75;46635,75
"150549 PALESTINA DO PARA";3833,18;3833,18
"150550 PARAGOMINAS";184401,83;184401,83
"150553 PARAUAPEBAS";279569,21;279569,21
"150555 PAU D'ARCO";15307,28;15307,28
"150565 PLACAS";13136,62;13136,62
"150580 PORTEL";39986,97;39986,97
"150590 PORTO DE MOZ";34649,60;34649,60
"150600 PRAINHA";38883,08;38883,08
"150613 REDENCAO";860435,45;860435,45
"150616 RIO MARIA";39554,89;39554,89
"150618 RONDON DO PARA";202714,90;202714,90
"150619 RUROPOLIS";58638,94;58638,94
"150620 SALINOPOLIS";98808,08;98808,08
"150630 SALVATERRA";33452,28;33452,28
"150640 SANTA CRUZ DO ARARI";6479,35;6479,35
"150650 SANTA IZABEL DO PARA";174127,03;174127,03
"150658 SANTA MARIA DAS BARREIRAS";19774,27;19774,27
"150660 SANTA MARIA DO PARA";53241,33;53241,33
"150670 SANTANA DO ARAGUAIA";80620,45;80620,45
"150680 SANTAREM";1415354,42;1415354,42
"150700 SANTO ANTONIO DO TAUA";119078,67;119078,67
"150715 SAO DOMINGOS DO ARAGUAIA";186,06;186,06
"150730 SAO FELIX DO XINGU";133107,54;133107,54
"150745 SAO GERALDO DO ARAGUAIA";78740,38;78740,38
"150747 SAO JOAO DE PIRABAS";21943,18;21943,18
"150750 SAO JOAO DO ARAGUAIA";4710,01;4710,01
"150760 SAO MIGUEL DO GUAMA";48235,86;48235,86
"150770 SAO SEBASTIAO DA BOA VISTA";35330,71;35330,71
"150775 SAPUCAIA";7443,02;7443,02
"150780 SENADOR JOSE PORFIRIO";16429,64;16429,64
"150790 SOURE";50559,77;50559,77
"150795 TAILANDIA";100399,73;100399,73
"150797 TERRA SANTA";39001,92;39001,92
"150800 TOME-ACU";125325,80;125325,80
"150803 TRACUATEUA";32196,15;32196,15
"150805 TRAIRAO";34433,96;34433,96
"150808 TUCUMA";80470,10;80470,10
"150810 TUCURUI";298262,70;298262,70
"150812 ULIANOPOLIS";64309,64;64309,64
"150815 URUARA";54401,87;54401,87
"150820 VIGIA";46025,48;46025,48
"150830 VISEU";100105,15;100105,15
"150840 XINGUARA";94185,90;94185,90
"160010 AMAPA";1384,20;1384,20
"160020 CALCOENE";15830,21;15830,21
"160027 LARANJAL DO JARI";96215,47;96215,47
"160030 MACAPA";1635012,09;1635012,09
"160050 OIAPOQUE";14300,07;14300,07
"160053 PORTO GRANDE";10067,24;10067,24
"160060 SANTANA";211891,77;211891,77
"170070 ALVORADA";15433,82;15433,82
"170100 ANANAS";3785,99;3785,99
"170190 ARAGUACEMA";6369,46;6369,46
"170200 ARAGUACU";24115,22;24115,22
"170210 ARAGUAINA";2286376,81;2286376,81
"170220 ARAGUATINS";8792,43;8792,43
"170230 ARAPOEMA";24580,82;24580,82
"170240 ARRAIAS";14246,00;14246,00
"170255 AUGUSTINOPOLIS";343369,31;343369,31
"170550 COLINAS DO TOCANTINS";88425,55;88425,55
"170610 CRISTALANDIA";3958,42;3958,42
"170700 DIANOPOLIS";70698,06;70698,06
"170710 DIVINOPOLIS DO TOCANTINS";1128,78;1128,78
"170820 FORMOSO DO ARAGUAIA";16547,33;16547,33
"170930 GUARAI";32866,44;32866,44
"170950 GURUPI";576520,27;576520,27
"171050 ITACAJA";1025,82;1025,82
"171190 LAGOA DA CONFUSAO";4203,66;4203,66
"171320 MIRACEMA DO TOCANTINS";143997,86;143997,86
"171330 MIRANORTE";10251,17;10251,17
"171430 NAZARE";8195,74;8195,74
"171575 PALMEIROPOLIS";582,42;582,42
"171610 PARAISO DO TOCANTINS";224475,23;224475,23
"171620 PARANA";11753,47;11753,47
"171650 PEDRO AFONSO";54939,12;54939,12
"171660 PEIXE";7208,73;7208,73
"171670 COLMEIA";204,50;204,50
"171750 PIUM";7870,52;7870,52
"171790 PONTE ALTA DO TOCANTINS";584,01;584,01
"171820 PORTO NACIONAL";378609,01;378609,01
"171840 PRESIDENTE KENNEDY";778,26;778,26
"172065 SILVANOPOLIS";218,68;218,68
"172090 TAGUATINGA";19311,18;19311,18
"172100 PALMAS";1963044,11;1963044,11
"172120 TOCANTINOPOLIS";45344,83;45344,83
"172210 XAMBIOA";35242,34;35242,34
"210005 ACAILANDIA";211386,65;211386,65
"210020 ALCANTARA";5232,01;5232,01
"210030 ALDEIAS ALTAS";72959,68;72959,68
"210043 ALTO ALEGRE DO MARANHAO";56567,69;56567,69
"210047 ALTO ALEGRE DO PINDARE";80148,44;80148,44
"210050 ALTO PARNAIBA";30764,24;30764,24
"210060 AMARANTE DO MARANHAO";103064,07;103064,07
"210070 ANAJATUBA";39909,71;39909,71
"210080 ANAPURUS";25049,23;25049,23
"210100 ARARI";25378,46;25378,46
"210110 AXIXA";40656,42;40656,42
"210120 BACABAL";119684,89;119684,89
"210130 BACURI";27939,01;27939,01
"210140 BALSAS";264535,53;264535,53
"210150 BARAO DE GRAJAU";11910,87;11910,87
"210160 BARRA DO CORDA";114805,10;114805,10
"210170 BARREIRINHAS";141428,39;141428,39
"210190 BEQUIMAO";8100,58;8100,58
"210203 BOM JESUS DAS SELVAS";57466,54;57466,54
"210210 BREJO";38459,61;38459,61
"210220 BURITI";54194,17;54194,17
"210230 BURITI BRAVO";66982,14;66982,14
"210232 BURITICUPU";96602,38;96602,38
"210270 CANTANHEDE";47713,13;47713,13
"210275 CAPINZAL DO NORTE";18956,59;18956,59
"210280 CAROLINA";22571,49;22571,49
"210290 CARUTAPERA";73792,62;73792,62
"210300 CAXIAS";698828,70;698828,70
"210310 CEDRAL";18931,13;18931,13
"210320 CHAPADINHA";144739,65;144739,65
"210330 CODO";215405,83;215405,83
"210340 COELHO NETO";134687,72;134687,72
"210350 COLINAS";76776,59;76776,59
"210360 COROATA";180110,48;180110,48
"210370 CURURUPU";128922,05;128922,05
"210380 DOM PEDRO";9007,50;9007,50
"210390 DUQUE BACELAR";22984,74;22984,74
"210400 ESPERANTINOPOLIS";39398,85;39398,85
"210405 ESTREITO";22229,63;22229,63
"210409 FORMOSA DA SERRA NEGRA";30000,86;30000,86
"210410 FORTALEZA DOS NOGUEIRAS";26424,83;26424,83
"210440 GONCALVES DIAS";19672,91;19672,91
"210450 GOVERNADOR ARCHER";16972,98;16972,98
"210455 GOVERNADOR EDISON LOBAO";16766,36;16766,36
"210460 GOVERNADOR EUGENIO BARROS";16522,33;16522,33
"210462 GOVERNADOR LUIZ ROCHA";8599,71;8599,71
"210467 GOVERNADOR NUNES FREIRE";373320,87;373320,87
"210480 GRAJAU";296388,45;296388,45
"210490 GUIMARAES";28132,79;28132,79
"210500 HUMBERTO DE CAMPOS";39115,72;39115,72
"210510 ICATU";10312,97;10312,97
"210515 IGARAPE DO MEIO";4775,47;4775,47
"210520 IGARAPE GRANDE";18670,34;18670,34
"210530 IMPERATRIZ";2656875,24;2656875,24
"210535 ITAIPAVA DO GRAJAU";31621,45;31621,45
"210540 ITAPECURU MIRIM";153069,45;153069,45
"210542 ITINGA DO MARANHAO";64690,62;64690,62
"210545 JATOBA";12059,83;12059,83
"210550 JOAO LISBOA";23344,86;23344,86
"210560 JOSELANDIA";25056,67;25056,67
"210570 LAGO DA PEDRA";139264,27;139264,27
"210594 LAGO DOS RODRIGUES";38070,52;38070,52
"210600 LIMA CAMPOS";28588,77;28588,77
"210610 LORETO";26308,90;26308,90
"210630 MAGALHAES DE ALMEIDA";26143,00;26143,00
"210640 MATA ROMA";31410,49;31410,49
"210650 MATINHA";34548,72;34548,72
"210667 MILAGRES DO MARANHAO";12091,37;12091,37
"210670 MIRADOR";38182,96;38182,96
"210675 MIRANDA DO NORTE";30392,72;30392,72
"210680 MIRINZAL";33231,60;33231,60
"210690 MONCAO";19173,01;19173,01
"210710 MORROS";110514,54;110514,54
"210720 NINA RODRIGUES";19324,85;19324,85
"210725 NOVA COLINAS";10381,58;10381,58
"210735 NOVA OLINDA DO MARANHAO";29019,20;29019,20
"210745 OLINDA NOVA DO MARANHAO";29673,18;29673,18
"210750 PACO DO LUMIAR";70834,91;70834,91
"210770 PARAIBANO";2589,50;2589,50
"210780 PARNARAMA";8181,25;8181,25
"210790 PASSAGEM FRANCA";126420,86;126420,86
"210800 PASTOS BONS";40270,41;40270,41
"210805 PAULINO NEVES";45643,15;45643,15
"210810 PAULO RAMOS";52362,59;52362,59
"210820 PEDREIRAS";150611,81;150611,81
"210825 PEDRO DO ROSARIO";41533,64;41533,64
"210830 PENALVA";27813,43;27813,43
"210845 PERITORO";114085,96;114085,96
"210850 PINDARE-MIRIM";25184,23;25184,23
"210860 PINHEIRO";69936,40;69936,40
"210870 PIO XII";25685,37;25685,37
"210880 PIRAPEMAS";28182,77;28182,77
"210890 POCAO DE PEDRAS";14706,38;14706,38
"210900 PORTO FRANCO";100799,64;100799,64
"210910 PRESIDENTE DUTRA";392385,37;392385,37
"210920 PRESIDENTE JUSCELINO";34033,03;34033,03
"210930 PRESIDENTE VARGAS";10579,21;10579,21
"210940 PRIMEIRA CRUZ";4141,16;4141,16
"210945 RAPOSA";38252,40;38252,40
"210950 RIACHAO";54431,32;54431,32
"210960 ROSARIO";133547,07;133547,07
"210970 SAMBAIBA";29336,61;29336,61
"210975 SANTA FILOMENA DO MARANHAO";12661,21;12661,21
"210980 SANTA HELENA";55312,96;55312,96
"210990 SANTA INES";210858,92;210858,92
"211000 SANTA LUZIA";62507,20;62507,20
"211003 SANTA LUZIA DO PARUA";50387,08;50387,08
"211010 SANTA QUITERIA DO MARANHAO";31831,04;31831,04
"211020 SANTA RITA";78369,35;78369,35
"211027 SANTO AMARO DO MARANHAO";20316,76;20316,76
"211030 SANTO ANTONIO DOS LOPES";46637,58;46637,58
"211040 SAO BENEDITO DO RIO PRETO";20661,69;20661,69
"211050 SAO BENTO";19998,04;19998,04
"211060 SAO BERNARDO";59217,78;59217,78
"211065 SAO DOMINGOS DO AZEITAO";8580,23;8580,23
"211070 SAO DOMINGOS DO MARANHAO";56965,82;56965,82
"211080 SAO FELIX DE BALSAS";14212,72;14212,72
"211090 SAO FRANCISCO DO MARANHAO";691,65;691,65
"211102 SAO JOAO DO CARU";34790,61;34790,61
"211110 SAO JOAO DOS PATOS";29536,35;29536,35
"211120 SAO JOSE DE RIBAMAR";171922,69;171922,69
"211125 SAO JOSE DOS BASILIOS";12430,99;12430,99
"211130 SAO LUIS";7908300,71;7908300,71
"211140 SAO LUIS GONZAGA DO MARANHAO";68484,68;68484,68
"211150 SAO MATEUS DO MARANHAO";19884,60;19884,60
"211153 SAO PEDRO DA AGUA BRANCA";25762,39;25762,39
"211160 SAO RAIMUNDO DAS MANGABEIRAS";43353,04;43353,04
"211170 SAO VICENTE FERRER";2898,10;2898,10
"211172 SATUBINHA";14954,04;14954,04
"211174 SENADOR ALEXANDRE COSTA";20807,83;20807,83
"211180 SITIO NOVO";31298,37;31298,37
"211190 SUCUPIRA DO NORTE";15290,35;15290,35
"211195 SUCUPIRA DO RIACHAO";18544,97;18544,97
"211200 TASSO FRAGOSO";22405,07;22405,07
"211220 TIMON";144605,07;144605,07
"211230 TUNTUM";20476,20;20476,20
"211240 TURIACU";80900,88;80900,88
"211250 TUTOIA";72876,72;72876,72
"211260 URBANO SANTOS";43975,23;43975,23
"211270 VARGEM GRANDE";72295,43;72295,43
"211280 VIANA";82339,38;82339,38
"211285 VILA NOVA DOS MARTIRIOS";22037,70;22037,70
"211290 VITORIA DO MEARIM";1995,15;1995,15
"211300 VITORINO FREIRE";28634,30;28634,30
"211400 ZE DOCA";59235,73;59235,73
"220020 AGUA BRANCA";27897,29;27897,29
"220040 ALTOS";6490,77;6490,77
"220050 AMARANTE";43967,19;43967,19
"220090 AROAZES";2187,44;2187,44
"220110 AVELINO LOPES";19072,32;19072,32
"220120 BARRAS";49719,85;49719,85
"220150 BATALHA";21595,62;21595,62
"220160 BENEDITINOS";1958,33;1958,33
"220180 BOCAINA";2884,90;2884,90
"220190 BOM JESUS";194564,64;194564,64
"220220 CAMPO MAIOR";226511,84;226511,84
"220230 CANTO DO BURITI";66431,00;66431,00
"220240 CAPITAO DE CAMPOS";1744,77;1744,77
"220250 CARACOL";15514,13;15514,13
"220260 CASTELO DO PIAUI";77318,94;77318,94
"220290 CORRENTE";827,41;827,41
"220310 CRISTINO CASTRO";46173,33;46173,33
"220320 CURIMATA";45570,62;45570,62
"220350 ELESBAO VELOSO";26351,95;26351,95
"220370 ESPERANTINA";150408,81;150408,81
"220390 FLORIANO";440177,58;440177,58
"220400 FRANCINOPOLIS";1053,02;1053,02
"220430 FRONTEIRAS";85910,88;85910,88
"220450 GUADALUPE";52729,55;52729,55
"220480 IPIRANGA DO PIAUI";3261,66;3261,66
"220500 ITAINOPOLIS";17691,30;17691,30
"220520 JAICOS";60804,80;60804,80
"220540 JOAQUIM PIRES";15046,08;15046,08
"220553 JUREMA";7103,66;7103,66
"220580 LUZILANDIA";140942,35;140942,35
"220590 MANOEL EMIDIO";10608,14;10608,14
"220600 MARCOS PARENTE";1002,13;1002,13
"220620 MIGUEL ALVES";61399,04;61399,04
"220680 NOSSA SENHORA DOS REMEDIOS";2713,53;2713,53
"220700 OEIRAS";172979,33;172979,33
"220750 PALMEIRAIS";3843,73;3843,73
"220760 PARNAGUA";27296,00;27296,00
"220770 PARNAIBA";978538,44;978538,44
"220780 PAULISTANA";23732,02;23732,02
"220790 PEDRO II";66708,00;66708,00
"220800 PICOS";595338,92;595338,92
"220840 PIRIPIRI";15467,87;15467,87
"220850 PORTO";11136,74;11136,74
"220880 REGENERACAO";25991,38;25991,38
"220890 RIBEIRO GONCALVES";4935,12;4935,12
"220910 SANTA CRUZ DO PIAUI";7821,82;7821,82
"220940 SANTO ANTONIO DE LISBOA";2868,97;2868,97
"221030 SAO JULIAO";10172,45;10172,45
"221040 SAO MIGUEL DO TAPUIO";24743,72;24743,72
"221050 SAO PEDRO DO PIAUI";2492,61;2492,61
"221060 SAO RAIMUNDO NONATO";441909,98;441909,98
"221070 SIMOES";94789,76;94789,76
"221100 TERESINA";5677521,30;5677521,30
"221110 UNIAO";38764,71;38764,71
"221120 URUCUI";72218,66;72218,66
"221130 VALENCA DO PIAUI";113566,71;113566,71
"221140 VARZEA GRANDE";529,40;529,40
"221170 WALL FERRAZ";18311,33;18311,33
"230020 ACARAU";136921,08;136921,08
"230040 AIUABA";2920,59;2920,59
"230060 ALTANEIRA";5645,20;5645,20
"230070 ALTO SANTO";22545,10;22545,10
"230075 AMONTADA";4733,21;4733,21
"230080 ANTONINA DO NORTE";3257,77;3257,77
"230090 APUIARES";3442,82;3442,82
"230100 AQUIRAZ";34253,17;34253,17
"230110 ARACATI";125842,29;125842,29
"230120 ARACOIABA";56526,97;56526,97
"230125 ARARENDA";665,80;665,80
"230130 ARARIPE";20073,75;20073,75
"230140 ARATUBA";5655,06;5655,06
"230150 ARNEIROZ";9879,58;9879,58
"230160 ASSARE";7917,84;7917,84
"230170 AURORA";64189,29;64189,29
"230185 BANABUIU";2934,76;2934,76
"230190 BARBALHA";1614234,03;1614234,03
"230195 BARREIRA";2881,72;2881,72
"230200 BARRO";16659,53;16659,53
"230210 BATURITE";31830,29;31830,29
"230220 BEBERIBE";16207,10;16207,10
"230230 BELA CRUZ";6415,64;6415,64
"230240 BOA VIAGEM";70958,57;70958,57
"230250 BREJO SANTO";398438,63;398438,63
"230260 CAMOCIM";109863,50;109863,50
"230270 CAMPOS SALES";9098,48;9098,48
"230280 CANINDE";164944,32;164944,32
"230290 CAPISTRANO";2908,19;2908,19
"230300 CARIDADE";2212,51;2212,51
"230320 CARIRIACU";3757,58;3757,58
"230330 CARIUS";5949,14;5949,14
"230340 CARNAUBAL";2349,99;2349,99
"230350 CASCAVEL";86228,82;86228,82
"230365 CATUNDA";1893,52;1893,52
"230370 CAUCAIA";124810,18;124810,18
"230393 CHORO";2199,20;2199,20
"230395 CHOROZINHO";4912,66;4912,66
"230410 CRATEUS";250599,04;250599,04
"230420 CRATO";946843,44;946843,44
"230423 CROATA";4048,19;4048,19
"230425 CRUZ";9083,85;9083,85
"230427 ERERE";1500,56;1500,56
"230428 EUSEBIO";11559,36;11559,36
"230430 FARIAS BRITO";19452,21;19452,21
"230440 FORTALEZA";20752133,03;20752133,03
"230445 FORTIM";2548,76;2548,76
"230470 GRANJA";23927,70;23927,70
"230490 GROAIRAS";5473,89;5473,89
"230495 GUAIUBA";1225,78;1225,78
"230500 GUARACIABA DO NORTE";29779,45;29779,45
"230520 HIDROLANDIA";8269,04;8269,04
"230523 HORIZONTE";32469,54;32469,54
"230530 IBIAPINA";20230,00;20230,00
"230540 ICO";133375,36;133375,36
"230550 IGUATU";215361,45;215361,45
"230560 INDEPENDENCIA";6899,74;6899,74
"230565 IPAPORANGA";332,62;332,62
"230570 IPAUMIRIM";2468,10;2468,10
"230580 IPU";34357,91;34357,91
"230590 IPUEIRAS";30390,90;30390,90
"230600 IRACEMA";11208,35;11208,35
"230610 IRAUCUBA";6168,48;6168,48
"230620 ITAICABA";1164,84;1164,84
"230625 ITAITINGA";3180,00;3180,00
"230630 ITAPAGE";55797,27;55797,27
"230640 ITAPIPOCA";487400,25;487400,25
"230655 ITAREMA";24612,54;24612,54
"230670 JAGUARETAMA";2411,24;2411,24
"230680 JAGUARIBARA";1236,11;1236,11
"230690 JAGUARIBE";29535,41;29535,41
"230700 JAGUARUANA";11488,30;11488,30
"230710 JARDIM";37374,19;37374,19
"230730 JUAZEIRO DO NORTE";517953,94;517953,94
"230740 JUCAS";46303,35;46303,35
"230750 LAVRAS DA MANGABEIRA";70016,84;70016,84
"230760 LIMOEIRO DO NORTE";167427,56;167427,56
"230763 MADALENA";6391,01;6391,01
"230765 MARACANAU";428547,08;428547,08
"230770 MARANGUAPE";80483,21;80483,21
"230780 MARCO";7275,00;7275,00
"230790 MARTINOPOLE";2263,14;2263,14
"230810 MAURITI";71850,73;71850,73
"230820 MERUOCA";2660,21;2660,21
"230830 MILAGRES";13047,79;13047,79
"230835 MILHA";2661,73;2661,73
"230840 MISSAO VELHA";18433,30;18433,30
"230850 MOMBACA";37797,41;37797,41
"230860 MONSENHOR TABOSA";9484,54;9484,54
"230870 MORADA NOVA";38960,04;38960,04
"230880 MORAUJO";1340,53;1340,53
"230890 MORRINHOS";3502,03;3502,03
"230900 MUCAMBO";2378,03;2378,03
"230920 NOVA OLINDA";9415,89;9415,89
"230930 NOVA RUSSAS";34901,30;34901,30
"230940 NOVO ORIENTE";16281,49;16281,49
"230945 OCARA";6952,37;6952,37
"230950 OROS";28930,85;28930,85
"230960 PACAJUS";8384,83;8384,83
"230970 PACATUBA";3441,10;3441,10
"230980 PACOTI";5593,91;5593,91
"231000 PALHANO";2258,47;2258,47
"231010 PALMACIA";3208,78;3208,78
"231020 PARACURU";26876,23;26876,23
"231025 PARAIPABA";6500,04;6500,04
"231030 PARAMBU";29132,41;29132,41
"231050 PEDRA BRANCA";31729,27;31729,27
"231060 PENAFORTE";668,82;668,82
"231070 PENTECOSTE";12431,53;12431,53
"231080 PEREIRO";14725,07;14725,07
"231085 PINDORETAMA";2902,85;2902,85
"231090 PIQUET CARNEIRO";13128,46;13128,46
"231100 PORANGA";923,64;923,64
"231110 PORTEIRAS";8512,31;8512,31
"231120 POTENGI";1739,36;1739,36
"231130 QUIXADA";320010,49;320010,49
"231135 QUIXELO";3602,10;3602,10
"231140 QUIXERAMOBIM";137176,65;137176,65
"231150 QUIXERE";9850,14;9850,14
"231160 REDENCAO";84518,27;84518,27
"231170 RERIUTABA";11858,32;11858,32
"231180 RUSSAS";243459,84;243459,84
"231190 SABOEIRO";8340,12;8340,12
"231195 SALITRE";7024,54;7024,54
"231200 SANTANA DO ACARAU";14012,50;14012,50
"231210 SANTANA DO CARIRI";11064,90;11064,90
"231220 SANTA QUITERIA";24070,65;24070,65
"231230 SAO BENEDITO";25238,17;25238,17
"231240 SAO GONCALO DO AMARANTE";24326,29;24326,29
"231260 SAO LUIS DO CURU";2423,46;2423,46
"231270 SENADOR POMPEU";17993,34;17993,34
"231290 SOBRAL";3707396,53;3707396,53
"231300 SOLONOPOLE";3382,93;3382,93
"231310 TABULEIRO DO NORTE";22297,57;22297,57
"231320 TAMBORIL";24227,17;24227,17
"231325 TARRAFAS";3036,06;3036,06
"231330 TAUA";163128,15;163128,15
"231335 TEJUCUOCA";3179,10;3179,10
"231340 TIANGUA";173140,42;173140,42
"231350 TRAIRI";7917,83;7917,83
"231355 TURURU";9228,09;9228,09
"231360 UBAJARA";15411,41;15411,41
"231375 UMIRIM";6157,91;6157,91
"231380 URUBURETAMA";2098,22;2098,22
"231395 VARJOTA";7965,40;7965,40
"231400 VARZEA ALEGRE";61592,92;61592,92
"231410 VICOSA DO CEARA";82709,39;82709,39
"240010 ACARI";16616,46;16616,46
"240020 ACU";138812,78;138812,78
"240050 ALEXANDRIA";183375,81;183375,81
"240060 ALMINO AFONSO";49765,24;49765,24
"240070 ALTO DO RODRIGUES";2279,92;2279,92
"240080 ANGICOS";22120,62;22120,62
"240100 APODI";50160,60;50160,60
"240110 AREIA BRANCA";11326,87;11326,87
"240145 BARAUNA";6035,03;6035,03
"240200 CAICO";223905,22;223905,22
"240220 CANGUARETAMA";28386,98;28386,98
"240230 CARAUBAS";54314,21;54314,21
"240250 CARNAUBAIS";7237,62;7237,62
"240260 CEARA-MIRIM";41910,55;41910,55
"240270 CERRO CORA";5439,33;5439,33
"240280 CORONEL EZEQUIEL";582,42;582,42
"240290 CORONEL JOAO PESSOA";4649,32;4649,32
"240300 CRUZETA";483,40;483,40
"240310 CURRAIS NOVOS";242910,21;242910,21
"240320 DOUTOR SEVERIANO";4022,44;4022,44
"240325 PARNAMIRIM";403809,22;403809,22
"240330 ENCANTO";649,80;649,80
"240340 EQUADOR";909,85;909,85
"240370 FELIPE GUERRA";324,90;324,90
"240380 FLORANIA";18545,51;18545,51
"240400 FRUTUOSO GOMES";9254,06;9254,06
"240420 GOIANINHA";10600,56;10600,56
"240440 GROSSOS";292,62;292,62
"240450 GUAMARE";6691,84;6691,84
"240490 ITAU";4249,38;4249,38
"240500 JACANA";5663,35;5663,35
"240520 JANDUIS";218,68;218,68
"240530 JANUARIO CICCO";4878,36;4878,36
"240560 JARDIM DE PIRANHAS";978,32;978,32
"240570 JARDIM DO SERIDO";18774,13;18774,13
"240600 JOSE DA PENHA";1233,12;1233,12
"240610 JUCURUTU";10904,53;10904,53
"240650 LAGOA NOVA";1135,52;1135,52
"240670 LAJES";22319,41;22319,41
"240690 LUCRECIA";473,82;473,82
"240700 LUIS GOMES";6732,70;6732,70
"240710 MACAIBA";15568,77;15568,77
"240720 MACAU";29306,82;29306,82
"240725 MAJOR SALES";1111,82;1111,82
"240730 MARCELINO VIEIRA";11434,80;11434,80
"240740 MARTINS";9715,32;9715,32
"240760 MESSIAS TARGINO";839,47;839,47
"240780 MONTE ALEGRE";3813,95;3813,95
"240800 MOSSORO";2058763,86;2058763,86
"240810 NATAL";8487735,86;8487735,86
"240860 PARANA";781,34;781,34
"240890 PARELHAS";26241,29;26241,29
"240930 PATU";4730,25;4730,25
"240940 PAU DOS FERROS";173544,27;173544,27
"240980 PEDRO VELHO";2217,00;2217,00
"240990 PENDENCIAS";2415,51;2415,51
"241000 PILOES";1347,60;1347,60
"241020 PORTALEGRE";6728,24;6728,24
"241050 RAFAEL FERNANDES";1179,20;1179,20
"241060 RAFAEL GODEIRO";4229,25;4229,25
"241070 RIACHO DA CRUZ";3313,00;3313,00
"241100 RODOLFO FERNANDES";1662,51;1662,51
"241110 RUY BARBOSA";1415,09;1415,09
"241120 SANTA CRUZ";137848,53;137848,53
"241140 SANTANA DO MATOS";8220,90;8220,90
"241142 SANTANA DO SERIDO";1958,75;1958,75
"241150 SANTO ANTONIO";50545,56;50545,56
"241200 SAO GONCALO DO AMARANTE";203820,89;203820,89
"241220 SAO JOSE DE MIPIBU";113783,94;113783,94
"241230 SAO JOSE DO CAMPESTRE";571,74;571,74
"241250 SAO MIGUEL";38045,13;38045,13
"241260 SAO PAULO DO POTENGI";35550,12;35550,12
"241300 SAO VICENTE";3316,71;3316,71
"241330 SERRA DE SAO BENTO";1608,18;1608,18
"241335 SERRA DO MEL";728,24;728,24
"241340 SERRA NEGRA DO NORTE";1356,27;1356,27
"241355 SERRINHA DOS PINTOS";670,54;670,54
"241360 SEVERIANO MELO";1304,96;1304,96
"241370 SITIO NOVO";324,90;324,90
"241380 TABOLEIRO GRANDE";641,39;641,39
"241400 TANGARA";324,90;324,90
"241410 TENENTE ANANIAS";21131,05;21131,05
"241450 UMARIZAL";2285,91;2285,91
"241460 UPANEMA";324,90;324,90
"250010 AGUA BRANCA";20237,39;20237,39
"250040 ALAGOA NOVA";2453,51;2453,51
"250070 SAO JOAO DO RIO DO PEIXE";11233,95;11233,95
"250090 ARARA";4187,86;4187,86
"250100 ARARUNA";34145,28;34145,28
"250110 AREIA";8158,72;8158,72
"250150 BANANEIRAS";9173,03;9173,03
"250180 BAYEUX";10774,15;10774,15
"250190 BELEM";25824,63;25824,63
"250240 BONITO DE SANTA FE";7052,11;7052,11
"250280 BREJO DO CRUZ";17444,49;17444,49
"250290 BREJO DOS SANTOS";34478,23;34478,23
"250300 CAAPORA";24340,18;24340,18
"250320 CABEDELO";34734,19;34734,19
"250370 CAJAZEIRAS";156833,91;156833,91
"250400 CAMPINA GRANDE";4078564,60;4078564,60
"250430 CATOLE DO ROCHA";45835,99;45835,99
"250440 CONCEICAO";12675,66;12675,66
"250480 COREMAS";15585,44;15585,44
"250500 CUBATI";6729,24;6729,24
"250510 CUITE";22957,23;22957,23
"250570 DONA INES";209,07;209,07
"250600 ESPERANCA";30085,18;30085,18
"250620 FREI MARTINHO";699,46;699,46
"250630 GUARABIRA";256380,87;256380,87
"250680 INGA";65810,94;65810,94
"250700 ITAPORANGA";12401,17;12401,17
"250750 JOAO PESSOA";8521077,72;8521077,72
"250770 JUAZEIRINHO";836,93;836,93
"250800 JURU";2648,54;2648,54
"250820 LAGOA DE DENTRO";351,94;351,94
"250840 LASTRO";665,80;665,80
"250890 MAMANGUAPE";1861,91;1861,91
"250920 MASSARANDUBA";12200,57;12200,57
"250970 MONTEIRO";72408,16;72408,16
"251080 PATOS";147295,59;147295,59
"251110 PEDRA LAVRADA";8027,57;8027,57
"251120 PEDRAS DE FOGO";10367,93;10367,93
"251130 PIANCO";4706,60;4706,60
"251140 PICUI";67916,66;67916,66
"251150 PILAR";668,82;668,82
"251200 POCINHOS";699,46;699,46
"251210 POMBAL";14330,41;14330,41
"251230 PRINCESA ISABEL";43889,44;43889,44
"251340 SANTA LUZIA";40412,77;40412,77
"251370 SANTA RITA";294435,57;294435,57
"251390 SAO BENTO";34232,55;34232,55
"251400 SAO JOAO DO CARIRI";28600,58;28600,58
"251430 SAO JOSE DE CAIANA";1407,60;1407,60
"251450 SAO JOSE DE PIRANHAS";17122,81;17122,81
"251490 SAO MAMEDE";11985,35;11985,35
"251540 SAO VICENTE DO SERIDO";10832,20;10832,20
"251550 SERRA BRANCA";15360,41;15360,41
"251600 SOLANEA";84961,18;84961,18
"251610 SOLEDADE";801,75;801,75
"251630 SUME";57370,24;57370,24
"251650 TAPEROA";4879,89;4879,89
"251660 TAVARES";2515,50;2515,50
"251690 UIRAUNA";42417,53;42417,53
"260005 ABREU E LIMA";27578,86;27578,86
"260010 AFOGADOS DA INGAZEIRA";308729,08;308729,08
"260020 AFRANIO";6461,78;6461,78
"260030 AGRESTINA";65554,77;65554,77
"260050 AGUAS BELAS";18505,20;18505,20
"260060 ALAGOINHA";8767,21;8767,21
"260070 ALIANCA";4646,10;4646,10
"260080 ALTINHO";11111,87;11111,87
"260100 ANGELIM";2764,87;2764,87
"260110 ARARIPINA";205083,60;205083,60
"260120 ARCOVERDE";298325,29;298325,29
"260130 BARRA DE GUABIRABA";2339,78;2339,78
"260140 BARREIROS";195279,81;195279,81
"260150 BELEM DE MARIA";360,80;360,80
"260160 BELEM DE SAO FRANCISCO";7300,32;7300,32
"260170 BELO JARDIM";67667,54;67667,54
"260180 BETANIA";3613,16;3613,16
"260190 BEZERROS";355533,01;355533,01
"260200 BODOCO";8864,23;8864,23
"260210 BOM CONSELHO";32909,79;32909,79
"260220 BOM JARDIM";11323,66;11323,66
"260230 BONITO";5993,79;5993,79
"260240 BREJAO";434,99;434,99
"260250 BREJINHO";2349,83;2349,83
"260260 BREJO DA MADRE DE DEUS";5011,21;5011,21
"260270 BUENOS AIRES";443,40;443,40
"260280 BUIQUE";38091,47;38091,47
"260290 CABO DE SANTO AGOSTINHO";1276749,28;1276749,28
"260300 CABROBO";21598,18;21598,18
"260310 CACHOEIRINHA";4876,25;4876,25
"260320 CAETES";4882,31;4882,31
"260330 CALCADO";1208,79;1208,79
"260340 CALUMBI";681,80;681,80
"260345 CAMARAGIBE";74873,02;74873,02
"260350 CAMOCIM DE SAO FELIX";2685,57;2685,57
"260370 CANHOTINHO";24833,89;24833,89
"260380 CAPOEIRAS";1113,82;1113,82
"260390 CARNAIBA";18457,66;18457,66
"260400 CARPINA";8382,79;8382,79
"260410 CARUARU";1682718,00;1682718,00
"260415 CASINHAS";1108,92;1108,92
"260420 CATENDE";5824,30;5824,30
"260430 CEDRO";8644,38;8644,38
"260440 CHA DE ALEGRIA";1029,96;1029,96
"260450 CHA GRANDE";19526,83;19526,83
"260460 CONDADO";4107,39;4107,39
"260470 CORRENTES";451,40;451,40
"260480 CORTES";607,91;607,91
"260490 CUMARU";5744,65;5744,65
"260500 CUPIRA";21465,30;21465,30
"260510 CUSTODIA";13314,88;13314,88
"260515 DORMENTES";8381,35;8381,35
"260520 ESCADA";85498,52;85498,52
"260530 EXU";14713,23;14713,23
"260540 FEIRA NOVA";2917,74;2917,74
"260560 FLORES";2539,62;2539,62
"260570 FLORESTA";140891,96;140891,96
"260580 FREI MIGUELINHO";2209,77;2209,77
"260590 GAMELEIRA";1850,60;1850,60
"260600 GARANHUNS";558388,34;558388,34
"260610 GLORIA DO GOITA";2024,74;2024,74
"260620 GOIANA";71354,51;71354,51
"260630 GRANITO";2108,03;2108,03
"260640 GRAVATA";14072,40;14072,40
"260650 IATI";451,40;451,40
"260660 IBIMIRIM";1219,88;1219,88
"260680 IGARASSU";195533,13;195533,13
"260690 IGUARACY";2467,05;2467,05
"260700 INAJA";5946,46;5946,46
"260710 INGAZEIRA";923,32;923,32
"260720 IPOJUCA";30603,14;30603,14
"260730 IPUBI";16901,49;16901,49
"260740 ITACURUBA";2068,44;2068,44
"260750 ITAIBA";24397,24;24397,24
"260765 ITAMBE";8529,07;8529,07
"260770 ITAPETIM";16595,82;16595,82
"260790 JABOATAO DOS GUARARAPES";1337320,32;1337320,32
"260800 JATAUBA";12981,83;12981,83
"260810 JOAO ALFREDO";44,22;44,22
"260820 JOAQUIM NABUCO";1492,56;1492,56
"260830 JUPI";3483,11;3483,11
"260840 JUREMA";4648,22;4648,22
"260845 LAGOA DO CARRO";582,42;582,42
"260850 LAGOA DE ITAENGA";138,76;138,76
"260860 LAGOA DO OURO";3045,28;3045,28
"260870 LAGOA DOS GATOS";2866,80;2866,80
"260875 LAGOA GRANDE";9290,72;9290,72
"260880 LAJEDO";15020,85;15020,85
"260890 LIMOEIRO";297265,58;297265,58
"260900 MACAPARANA";15801,28;15801,28
"260930 MIRANDIBA";9046,94;9046,94
"260940 MORENO";119764,91;119764,91
"260950 NAZARE DA MATA";115941,07;115941,07
"260960 OLINDA";613750,22;613750,22
"260970 OROBO";13309,39;13309,39
"260980 OROCO";7821,65;7821,65
"260990 OURICURI";280071,87;280071,87
"261000 PALMARES";550220,57;550220,57
"261020 PANELAS";19918,43;19918,43
"261040 PARNAMIRIM";10479,88;10479,88
"261050 PASSIRA";334,90;334,90
"261060 PAUDALHO";35836,49;35836,49
"261070 PAULISTA";1864050,31;1864050,31
"261080 PEDRA";292,62;292,62
"261090 PESQUEIRA";131502,33;131502,33
"261100 PETROLANDIA";119143,26;119143,26
"261110 PETROLINA";1810228,55;1810228,55
"261120 POCAO";966,80;966,80
"261130 POMBOS";2071,04;2071,04
"261150 QUIPAPA";9552,19;9552,19
"261160 RECIFE";28662295,37;28662295,37
"261170 RIACHO DAS ALMAS";2876,65;2876,65
"261190 RIO FORMOSO";18001,45;18001,45
"261220 SALGUEIRO";476202,31;476202,31
"261230 SALOA";451,40;451,40
"261240 SANHARO";7687,90;7687,90
"261245 SANTA CRUZ";6141,42;6141,42
"261250 SANTA CRUZ DO CAPIBARIBE";5611,46;5611,46
"261260 SANTA MARIA DA BOA VISTA";23472,29;23472,29
"261290 SAO BENEDITO DO SUL";2523,02;2523,02
"261300 SAO BENTO DO UNA";27593,13;27593,13
"261310 SAO CAITANO";15348,53;15348,53
"261320 SAO JOAO";976,64;976,64
"261330 SAO JOAQUIM DO MONTE";25515,10;25515,10
"261350 SAO JOSE DO BELMONTE";59882,30;59882,30
"261360 SAO JOSE DO EGITO";28983,02;28983,02
"261370 SAO LOURENCO DA MATA";420466,20;420466,20
"261380 SAO VICENTE FERRER";2345,01;2345,01
"261390 SERRA TALHADA";644281,23;644281,23
"261400 SERRITA";13423,89;13423,89
"261410 SERTANIA";26809,16;26809,16
"261420 SIRINHAEM";6718,17;6718,17
"261430 MOREILANDIA";2787,40;2787,40
"261450 SURUBIM";179985,79;179985,79
"261460 TABIRA";12819,82;12819,82
"261485 TAMANDARE";19776,42;19776,42
"261500 TAQUARITINGA DO NORTE";8383,03;8383,03
"261510 TEREZINHA";2459,30;2459,30
"261520 TERRA NOVA";3200,79;3200,79
"261530 TIMBAUBA";141000,66;141000,66
"261540 TORITAMA";1940,65;1940,65
"261550 TRACUNHAEM";44,22;44,22
"261560 TRINDADE";2091,56;2091,56
"261570 TRIUNFO";11184,48;11184,48
"261580 TUPANATINGA";9754,43;9754,43
"261600 VENTUROSA";3641,22;3641,22
"261610 VERDEJANTE";452,40;452,40
"261620 VERTENTES";39478,85;39478,85
"261630 VICENCIA";18162,50;18162,50
"261640 VITORIA DE SANTO ANTAO";716899,77;716899,77
"270020 ANADIA";670,08;670,08
"270030 ARAPIRACA";2144444,69;2144444,69
"270040 ATALAIA";14612,42;14612,42
"270070 BATALHA";68746,62;68746,62
"270100 BOCA DA MATA";6810,45;6810,45
"270130 CAJUEIRO";4131,12;4131,12
"270140 CAMPO ALEGRE";2066,22;2066,22
"270170 CAPELA";2666,46;2666,46
"270210 COLONIA LEOPOLDINA";582,42;582,42
"270230 CORURIPE";130062,22;130062,22
"270235 CRAIBAS";2217,00;2217,00
"270240 DELMIRO GOUVEIA";63729,63;63729,63
"270280 FLEXEIRAS";6609,61;6609,61
"270290 GIRAU DO PONCIANO";1687,88;1687,88
"270300 IBATEGUARA";1773,60;1773,60
"270310 IGACI";2442,60;2442,60
"270380 JOAQUIM GOMES";11969,59;11969,59
"270400 JUNQUEIRO";14354,21;14354,21
"270410 LAGOA DA CANOA";1354,20;1354,20
"270420 LIMOEIRO DE ANADIA";1938,38;1938,38
"270430 MACEIO";8348913,57;8348913,57
"270440 MAJOR ISIDORO";189,67;189,67
"270450 MARAGOGI";9479,40;9479,40
"270470 MARECHAL DEODORO";20650,63;20650,63
"270500 MATA GRANDE";49224,08;49224,08
"270510 MATRIZ DE CAMARAGIBE";1586,26;1586,26
"270550 MURICI";21167,62;21167,62
"270570 OLHO D'AGUA DAS FLORES";2970,44;2970,44
"270630 PALMEIRA DOS INDIOS";413492,85;413492,85
"270640 PAO DE ACUCAR";52317,78;52317,78
"270660 PAULO JACINTO";2249,67;2249,67
"270670 PENEDO";136930,87;136930,87
"270690 PILAR";65773,18;65773,18
"270710 PIRANHAS";40805,38;40805,38
"270730 PORTO CALVO";15948,56;15948,56
"270760 QUEBRANGULO";5069,89;5069,89
"270770 RIO LARGO";3873,93;3873,93
"270800 SANTANA DO IPANEMA";333870,52;333870,52
"270820 SAO BRAS";1871,53;1871,53
"270830 SAO JOSE DA LAJE";8468,73;8468,73
"270840 SAO JOSE DA TAPERA";5810,92;5810,92
"270850 SAO LUIS DO QUITUNDE";5041,86;5041,86
"270860 SAO MIGUEL DOS CAMPOS";294618,03;294618,03
"270880 SAO SEBASTIAO";2154,40;2154,40
"270915 TEOTONIO VILELA";48270,53;48270,53
"270930 UNIAO DOS PALMARES";194819,02;194819,02
"270940 VICOSA";55658,37;55658,37
"280020 AQUIDABA";34897,57;34897,57
"280030 ARACAJU";4807891,69;4807891,69
"280067 BOQUIM";2926,33;2926,33
"280130 CAPELA";80352,25;80352,25
"280210 ESTANCIA";234399,23;234399,23
"280290 ITABAIANA";260792,43;260792,43
"280340 JAPOATA";24285,21;24285,21
"280350 LAGARTO";253635,99;253635,99
"280440 NEOPOLIS";10399,32;10399,32
"280450 NOSSA SENHORA DA GLORIA";48095,22;48095,22
"280480 NOSSA SENHORA DO SOCORRO";51990,62;51990,62
"280570 PROPRIA";52536,46;52536,46
"280590 RIACHUELO";40156,24;40156,24
"280740 TOBIAS BARRETO";5764,20;5764,20
"290020 ABARE";657,80;657,80
"290040 AGUA FRIA";496,87;496,87
"290060 AIQUARA";8217,96;8217,96
"290070 ALAGOINHAS";525733,04;525733,04
"290080 ALCOBACA";46193,93;46193,93
"290100 AMARGOSA";47043,14;47043,14
"290115 AMERICA DOURADA";20733,01;20733,01
"290130 ANDARAI";37350,05;37350,05
"290150 ANGUERA";11011,85;11011,85
"290160 ANTAS";103676,33;103676,33
"290200 ARACATU";3419,08;3419,08
"290210 ARACI";24044,32;24044,32
"290240 AURELINO LEAL";20423,30;20423,30
"290260 BAIXA GRANDE";14884,19;14884,19
"290270 BARRA";164284,64;164284,64
"290280 BARRA DA ESTIVA";139406,86;139406,86
"290290 BARRA DO CHOCA";28778,89;28778,89
"290300 BARRA DO MENDES";27158,26;27158,26
"290320 BARREIRAS";1093811,51;1093811,51
"290323 BARRO ALTO";31701,53;31701,53
"290327 BARROCAS";5140,37;5140,37
"290340 BELMONTE";64504,27;64504,27
"290350 BELO CAMPO";13810,78;13810,78
"290360 BIRITINGA";13068,37;13068,37
"290390 BOM JESUS DA LAPA";29163,58;29163,58
"290395 BOM JESUS DA SERRA";34094,89;34094,89
"290400 BONINAL";4904,68;4904,68
"290410 BOQUIRA";5970,07;5970,07
"290420 BOTUPORA";51569,40;51569,40
"290430 BREJOES";26416,02;26416,02
"290460 BRUMADO";103316,08;103316,08
"290490 CACHOEIRA";48742,12;48742,12
"290500 CACULE";66435,83;66435,83
"290510 CAEM";61249,93;61249,93
"290520 CAETITE";120070,38;120070,38
"290560 CAMACAN";127792,85;127792,85
"290570 CAMACARI";310094,59;310094,59
"290590 CAMPO ALEGRE DE LOURDES";115566,63;115566,63
"290600 CAMPO FORMOSO";139440,18;139440,18
"290610 CANAPOLIS";24263,58;24263,58
"290620 CANARANA";18447,04;18447,04
"290650 CANDEIAS";27291,97;27291,97
"290660 CANDIBA";50175,70;50175,70
"290670 CANDIDO SALES";63711,39;63711,39
"290680 CANSANCAO";58953,66;58953,66
"290682 CANUDOS";17215,56;17215,56
"290685 CAPELA DO ALTO ALEGRE";17649,83;17649,83
"290690 CARAVELAS";46064,24;46064,24
"290710 CARINHANHA";40871,41;40871,41
"290720 CASA NOVA";53643,90;53643,90
"290730 CASTRO ALVES";56499,77;56499,77
"290750 CATU";25774,08;25774,08
"290755 CATURAMA";1532,79;1532,79
"290760 CENTRAL";11277,36;11277,36
"290780 CICERO DANTAS";54296,36;54296,36
"290790 CIPO";5377,52;5377,52
"290800 COARACI";8508,55;8508,55
"290810 COCOS";41229,47;41229,47
"290830 CONCEICAO DO ALMEIDA";3889,28;3889,28
"290840 CONCEICAO DO COITE";71972,26;71972,26
"290860 CONDE";2391,84;2391,84
"290870 CONDEUBA";4453,38;4453,38
"290890 CORACAO DE MARIA";39164,87;39164,87
"290910 CORIBE";18460,24;18460,24
"290930 CORRENTINA";20798,50;20798,50
"290950 CRAVOLANDIA";17482,82;17482,82
"290960 CRISOPOLIS";1891,10;1891,10
"290980 CRUZ DAS ALMAS";81296,85;81296,85
"290990 CURACA";4155,29;4155,29
"291005 DIAS D'AVILA";30231,63;30231,63
"291010 DOM BASILIO";9344,61;9344,61
"291030 ELISIO MEDRADO";1811,70;1811,70
"291040 ENCRUZILHADA";48503,19;48503,19
"291050 ENTRE RIOS";20936,36;20936,36
"291060 ESPLANADA";98271,50;98271,50
"291070 EUCLIDES DA CUNHA";102543,31;102543,31
"291072 EUNAPOLIS";271997,23;271997,23
"291080 FEIRA DE SANTANA";3121844,17;3121844,17
"291085 FILADELFIA";37269,19;37269,19
"291110 FORMOSA DO RIO PRETO";28735,87;28735,87
"291120 GANDU";83686,07;83686,07
"291130 GENTIO DO OURO";24567,10;24567,10
"291150 GONGOGI";8342,32;8342,32
"291170 GUANAMBI";383492,72;383492,72
"291180 GUARATINGA";82110,15;82110,15
"291190 IACU";11452,70;11452,70
"291200 IBIASSUCE";47595,20;47595,20
"291210 IBICARAI";12581,35;12581,35
"291230 IBICUI";10815,98;10815,98
"291240 IBIPEBA";39207,65;39207,65
"291270 IBIRAPITANGA";43447,16;43447,16
"291290 IBIRATAIA";155192,60;155192,60
"291300 IBITIARA";74895,36;74895,36
"291310 IBITITA";48218,11;48218,11
"291320 IBOTIRAMA";59997,60;59997,60
"291340 IGAPORA";41816,77;41816,77
"291350 IGUAI";59536,93;59536,93
"291360 ILHEUS";580141,68;580141,68
"291370 INHAMBUPE";7385,88;7385,88
"291390 IPIAU";181933,63;181933,63
"291400 IPIRA";47710,34;47710,34
"291410 IPUPIARA";7322,55;7322,55
"291420 IRAJUBA";26744,14;26744,14
"291430 IRAMAIA";24785,26;24785,26
"291440 IRAQUARA";109146,77;109146,77
"291450 IRARA";13856,31;13856,31
"291460 IRECE";251863,33;251863,33
"291465 ITABELA";20721,67;20721,67
"291470 ITABERABA";124052,62;124052,62
"291480 ITABUNA";2048593,28;2048593,28
"291490 ITACARE";503,19;503,19
"291500 ITAETE";9023,10;9023,10
"291510 ITAGI";4780,28;4780,28
"291520 ITAGIBA";49981,69;49981,69
"291530 ITAGIMIRIM";650,73;650,73
"291535 ITAGUACU DA BAHIA";34498,14;34498,14
"291540 ITAJU DO COLONIA";16150,00;16150,00
"291550 ITAJUIPE";68770,13;68770,13
"291560 ITAMARAJU";35796,38;35796,38
"291570 ITAMARI";11772,59;11772,59
"291580 ITAMBE";55581,08;55581,08
"291600 ITANHEM";75845,81;75845,81
"291610 ITAPARICA";72030,58;72030,58
"291640 ITAPETINGA";90204,46;90204,46
"291650 ITAPICURU";37105,52;37105,52
"291670 ITAQUARA";8790,01;8790,01
"291680 ITARANTIM";1843,15;1843,15
"291685 ITATIM";1556,26;1556,26
"291690 ITIRUCU";69916,03;69916,03
"291700 ITIUBA";113914,64;113914,64
"291710 ITORORO";53217,85;53217,85
"291720 ITUACU";13141,16;13141,16
"291730 ITUBERA";32038,55;32038,55
"291735 JABORANDI";23592,82;23592,82
"291740 JACARACI";14301,77;14301,77
"291750 JACOBINA";324448,18;324448,18
"291760 JAGUAQUARA";150956,52;150956,52
"291770 JAGUARARI";52750,86;52750,86
"291800 JEQUIE";640291,26;640291,26
"291835 JOAO DOURADO";42679,94;42679,94
"291840 JUAZEIRO";1321375,33;1321375,33
"291860 JUSSIAPE";3646,26;3646,26
"291880 LAJE";1756,11;1756,11
"291905 LAJEDO DO TABOCAL";24532,99;24532,99
"291915 LAPAO";22913,77;22913,77
"291920 LAURO DE FREITAS";63135,44;63135,44
"291930 LENCOIS";1439,27;1439,27
"291940 LICINIO DE ALMEIDA";16248,46;16248,46
"291950 LIVRAMENTO DE NOSSA SENHORA";16460,76;16460,76
"291955 LUIS EDUARDO MAGALHAES";57637,33;57637,33
"291960 MACAJUBA";34885,89;34885,89
"291970 MACARANI";23695,25;23695,25
"291980 MACAUBAS";94342,02;94342,02
"291992 MADRE DE DEUS";27162,45;27162,45
"292000 MAIQUINIQUE";8632,28;8632,28
"292010 MAIRI";11282,41;11282,41
"292050 MARACAS";95189,66;95189,66
"292100 MATA DE SAO JOAO";46716,55;46716,55
"292105 MATINA";31427,46;31427,46
"292110 MEDEIROS NETO";8145,30;8145,30
"292120 MIGUEL CALMON";93238,43;93238,43
"292130 MILAGRES";11236,26;11236,26
"292150 MONTE SANTO";57849,84;57849,84
"292170 MORRO DO CHAPEU";98768,96;98768,96
"292180 MORTUGABA";13190,84;13190,84
"292190 MUCUGE";36146,95;36146,95
"292200 MUCURI";98008,27;98008,27
"292205 MULUNGU DO MORRO";12707,77;12707,77
"292210 MUNDO NOVO";36400,72;36400,72
"292230 MURITIBA";50440,00;50440,00
"292240 MUTUIPE";9102,78;9102,78
"292250 NAZARE";76359,80;76359,80
"292265 NORDESTINA";4417,01;4417,01
"292270 NOVA CANAA";45981,99;45981,99
"292290 NOVA SOURE";33036,21;33036,21
"292300 NOVA VICOSA";69032,51;69032,51
"292310 OLINDINA";26793,14;26793,14
"292330 OURICANGAS";443,40;443,40
"292340 PALMAS DE MONTE ALTO";16141,04;16141,04
"292360 PARAMIRIM";140006,71;140006,71
"292370 PARATINGA";81201,16;81201,16
"292390 PAU BRASIL";261,18;261,18
"292400 PAULO AFONSO";196413,84;196413,84
"292405 PE DE SERRA";5871,36;5871,36
"292430 PIATA";23477,08;23477,08
"292440 PILAO ARCADO";7606,81;7606,81
"292460 PINDOBACU";94633,66;94633,66
"292465 PINTADAS";8541,91;8541,91
"292480 PIRITIBA";11809,58;11809,58
"292490 PLANALTINO";18633,07;18633,07
"292510 POCOES";28110,74;28110,74
"292525 PONTO NOVO";53668,53;53668,53
"292530 PORTO SEGURO";472401,77;472401,77
"292540 POTIRAGUA";886,80;886,80
"292550 PRADO";64165,27;64165,27
"292560 PRESIDENTE DUTRA";27149,09;27149,09
"292575 PRESIDENTE TANCREDO NEVES";18194,29;18194,29
"292580 QUEIMADAS";55255,76;55255,76
"292590 QUIJINGUE";2894,57;2894,57
"292595 RAFAEL JAMBEIRO";2217,00;2217,00
"292600 REMANSO";215201,88;215201,88
"292610 RETIROLANDIA";18854,47;18854,47
"292620 RIACHAO DAS NEVES";15492,99;15492,99
"292630 RIACHAO DO JACUIPE";160628,68;160628,68
"292640 RIACHO DE SANTANA";73788,17;73788,17
"292660 RIBEIRA DO POMBAL";287579,67;287579,67
"292690 RIO DO PIRES";30676,32;30676,32
"292700 RIO REAL";1025,82;1025,82
"292720 RUY BARBOSA";166845,62;166845,62
"292740 SALVADOR";23353276,08;23353276,08
"292770 SANTA CRUZ CABRALIA";10742,13;10742,13
"292800 SANTALUZ";110071,08;110071,08
"292810 SANTA MARIA DA VITORIA";42295,33;42295,33
"292820 SANTANA";60558,85;60558,85
"292830 SANTANOPOLIS";45055,85;45055,85
"292840 SANTA RITA DE CASSIA";64643,53;64643,53
"292860 SANTO AMARO";39491,55;39491,55
"292870 SANTO ANTONIO DE JESUS";608887,76;608887,76
"292890 SAO DESIDERIO";85664,59;85664,59
"292895 SAO DOMINGOS";47437,03;47437,03
"292900 SAO FELIX";271421,33;271421,33
"292910 SAO FELIPE";2521,30;2521,30
"292930 SAO GONCALO DOS CAMPOS";80437,35;80437,35
"292940 SAO MIGUEL DAS MATAS";19663,35;19663,35
"292960 SAPEACU";30067,23;30067,23
"292980 SAUDE";25834,75;25834,75
"292990 SEABRA";233964,63;233964,63
"293000 SEBASTIAO LARANJEIRAS";19279,23;19279,23
"293010 SENHOR DO BONFIM";128882,60;128882,60
"293015 SERRA DO RAMALHO";71981,37;71981,37
"293020 SENTO SE";23256,94;23256,94
"293030 SERRA DOURADA";28373,12;28373,12
"293050 SERRINHA";155333,03;155333,03
"293060 SERROLANDIA";26613,82;26613,82
"293070 SIMOES FILHO";82804,68;82804,68
"293080 SOUTO SOARES";25010,09;25010,09
"293090 TABOCAS DO BREJO VELHO";29922,28;29922,28
"293105 TANQUE NOVO";28380,22;28380,22
"293110 TANQUINHO";9955,63;9955,63
"293120 TAPEROA";26717,23;26717,23
"293130 TAPIRAMUTA";30936,21;30936,21
"293135 TEIXEIRA DE FREITAS";1288901,26;1288901,26
"293160 TEOLANDIA";24260,79;24260,79
"293190 TUCANO";59707,19;59707,19
"293200 UAUA";49122,41;49122,41
"293210 UBAIRA";51694,36;51694,36
"293220 UBAITABA";69791,85;69791,85
"293230 UBATA";11021,39;11021,39
"293240 UIBAI";21613,28;21613,28
"293250 UNA";62693,69;62693,69
"293280 UTINGA";4064,17;4064,17
"293290 VALENCA";414849,44;414849,44
"293300 VALENTE";82224,57;82224,57
"293310 VARZEA DO POCO";28543,69;28543,69
"293315 VARZEA NOVA";58075,39;58075,39
"293325 VEREDA";3327,46;3327,46
"293330 VITORIA DA CONQUISTA";2326362,82;2326362,82
"293340 WAGNER";73269,29;73269,29
"293350 WENCESLAU GUIMARAES";50138,17;50138,17
"293360 XIQUE-XIQUE";235076,20;235076,20
"310010 ABADIA DOS DOURADOS";4999,75;4999,75
"310020 ABAETE";47370,37;47370,37
"310030 ABRE CAMPO";40636,67;40636,67
"310060 AGUA BOA";42547,66;42547,66
"310090 AGUAS FORMOSAS";73565,19;73565,19
"310100 AGUAS VERMELHAS";8999,75;8999,75
"310110 AIMORES";52392,64;52392,64
"310120 AIURUOCA";35904,16;35904,16
"310130 ALAGOA";1813,05;1813,05
"310150 ALEM PARAIBA";73819,21;73819,21
"310160 ALFENAS";1190387,54;1190387,54
"310170 ALMENARA";158517,66;158517,66
"310190 ALPINOPOLIS";44889,40;44889,40
"310200 ALTEROSA";22856,93;22856,93
"310210 ALTO RIO DOCE";15111,51;15111,51
"310230 ALVINOPOLIS";30999,06;30999,06
"310260 ANDRADAS";110969,61;110969,61
"310270 CACHOEIRA DE PAJEU";16560,55;16560,55
"310280 ANDRELANDIA";27938,61;27938,61
"310290 ANTONIO CARLOS";3283,35;3283,35
"310340 ARACUAI";132724,10;132724,10
"310350 ARAGUARI";477391,44;477391,44
"310375 ARAPORA";12832,65;12832,65
"310400 ARAXA";538267,12;538267,12
"310420 ARCOS";63877,81;63877,81
"310430 AREADO";16593,83;16593,83
"310450 ARINOS";27050,22;27050,22
"310460 ASTOLFO DUTRA";17251,67;17251,67
"310470 ATALEIA";12001,82;12001,82
"310490 BAEPENDI";212303,81;212303,81
"310510 BAMBUI";240962,06;240962,06
"310540 BARAO DE COCAIS";25773,96;25773,96
"310560 BARBACENA";2231113,21;2231113,21
"310590 BARROSO";72210,36;72210,36
"310620 BELO HORIZONTE";31992201,55;31992201,55
"310640 BELO VALE";21922,70;21922,70
"310650 BERILO";24661,88;24661,88
"310670 BETIM";1666966,87;1666966,87
"310690 BICAS";31014,41;31014,41
"310710 BOA ESPERANCA";77663,11;77663,11
"310730 BOCAIUVA";133059,35;133059,35
"310740 BOM DESPACHO";108272,32;108272,32
"310750 BOM JARDIM DE MINAS";13123,07;13123,07
"310780 BOM JESUS DO GALHO";35080,55;35080,55
"310800 BOM SUCESSO";35519,96;35519,96
"310830 BORDA DA MATA";11324,94;11324,94
"310840 BOTELHOS";14510,31;14510,31
"310860 BRASILIA DE MINAS";310135,12;310135,12
"310890 BRAZOPOLIS";25874,60;25874,60
"310900 BRUMADINHO";35429,46;35429,46
"310910 BUENO BRANDAO";26609,32;26609,32
"310930 BURITIS";27275,72;27275,72
"310940 BURITIZEIRO";22196,49;22196,49
"310950 CABO VERDE";30452,70;30452,70
"310990 CAETANOPOLIS";30661,99;30661,99
"311000 CAETE";51028,16;51028,16
"311030 CALDAS";34302,82;34302,82
"311050 CAMANDUCAIA";35581,90;35581,90
"311060 CAMBUI";63682,55;63682,55
"311070 CAMBUQUIRA";21165,03;21165,03
"311090 CAMPANHA";29223,29;29223,29
"311100 CAMPESTRE";49583,36;49583,36
"311110 CAMPINA VERDE";46060,81;46060,81
"311120 CAMPO BELO";341976,70;341976,70
"311130 CAMPO DO MEIO";6276,18;6276,18
"311150 CAMPOS ALTOS";27739,92;27739,92
"311160 CAMPOS GERAIS";57524,03;57524,03
"311180 CANAPOLIS";6063,59;6063,59
"311200 CANDEIAS";26454,64;26454,64
"311230 CAPELINHA";119492,28;119492,28
"311260 CAPINOPOLIS";9330,67;9330,67
"311270 CAPITAO ENEAS";18432,35;18432,35
"311280 CAPITOLIO";11307,14;11307,14
"311300 CARAI";16837,39;16837,39
"311320 CARANDAI";26229,71;26229,71
"311330 CARANGOLA";828056,35;828056,35
"311340 CARATINGA";561056,62;561056,62
"311350 CARBONITA";9869,64;9869,64
"311360 CAREACU";19048,37;19048,37
"311370 CARLOS CHAGAS";46207,01;46207,01
"311390 CARMO DA CACHOEIRA";22645,03;22645,03
"311400 CARMO DA MATA";3148,64;3148,64
"311410 CARMO DE MINAS";16781,61;16781,61
"311430 CARMO DO PARANAIBA";39642,34;39642,34
"311440 CARMO DO RIO CLARO";34973,79;34973,79
"311450 CARMOPOLIS DE MINAS";14530,31;14530,31
"311460 CARRANCAS";6810,94;6810,94
"311480 CARVALHOS";7798,08;7798,08
"311510 CASSIA";89833,21;89833,21
"311530 CATAGUASES";352546,30;352546,30
"311550 CAXAMBU";48492,61;48492,61
"311630 CIPOTANEA";6764,15;6764,15
"311660 CLAUDIO";56432,68;56432,68
"311680 COLUNA";14595,56;14595,56
"311710 CONCEICAO DA APARECIDA";5028,42;5028,42
"311730 CONCEICAO DAS ALAGOAS";24973,47;24973,47
"311740 CONCEICAO DE IPANEMA";8536,42;8536,42
"311750 CONCEICAO DO MATO DENTRO";24193,76;24193,76
"311770 CONCEICAO DO RIO VERDE";18734,49;18734,49
"311800 CONGONHAS";106449,48;106449,48
"311820 CONQUISTA";3368,21;3368,21
"311830 CONSELHEIRO LAFAIETE";416864,44;416864,44
"311840 CONSELHEIRO PENA";45865,85;45865,85
"311860 CONTAGEM";1784911,33;1784911,33
"311880 CORACAO DE JESUS";51820,68;51820,68
"311930 COROMANDEL";43674,83;43674,83
"311940 CORONEL FABRICIANO";13574,86;13574,86
"312020 CRISTAIS";6261,20;6261,20
"312050 CRISTINA";18942,88;18942,88
"312080 CRUZILIA";38732,27;38732,27
"312090 CURVELO";503087,85;503087,85
"312100 DATAS";6443,37;6443,37
"312120 DELFINOPOLIS";6313,50;6313,50
"312160 DIAMANTINA";471404,90;471404,90
"312180 DIONISIO";7494,33;7494,33
"312200 DIVINO";33954,40;33954,40
"312210 DIVINO DAS LARANJEIRAS";8848,90;8848,90
"312230 DIVINOPOLIS";1694709,85;1694709,85
"312245 DIVISOPOLIS";12021,17;12021,17
"312260 DOM JOAQUIM";2725,07;2725,07
"312270 DOM SILVERIO";11398,27;11398,27
"312320 DORES DO INDAIA";28600,49;28600,49
"312360 ELOI MENDES";68152,16;68152,16
"312390 ENTRE RIOS DE MINAS";48250,44;48250,44
"312400 ERVALIA";10636,83;10636,83
"312410 ESMERALDAS";39399,21;39399,21
"312420 ESPERA FELIZ";40408,92;40408,92
"312430 ESPINOSA";65094,57;65094,57
"312450 ESTIVA";5286,14;5286,14
"312470 ESTRELA DO INDAIA";5997,51;5997,51
"312490 EUGENOPOLIS";24368,73;24368,73
"312510 EXTREMA";92800,42;92800,42
"312560 FELISBURGO";38054,76;38054,76
"312590 FERROS";16151,40;16151,40
"312595 FERVEDOURO";2081,50;2081,50
"312610 FORMIGA";172572,37;172572,37
"312670 FRANCISCO SA";34503,78;34503,78
"312710 FRUTAL";118281,95;118281,95
"312730 GALILEIA";11682,34;11682,34
"312760 GOUVEIA";18561,64;18561,64
"312770 GOVERNADOR VALADARES";2698431,62;2698431,62
"312780 GRAO MOGOL";34308,24;34308,24
"312800 GUANHAES";130866,39;130866,39
"312810 GUAPE";20724,98;20724,98
"312820 GUARACIABA";4221,61;4221,61
"312830 GUARANESIA";36497,79;36497,79
"312840 GUARANI";27449,71;27449,71
"312860 GUARDA-MOR";2063,37;2063,37
"312870 GUAXUPE";229685,13;229685,13
"312910 GURINHATA";11252,07;11252,07
"312940 IBERTIOGA";11911,32;11911,32
"312950 IBIA";20004,81;20004,81
"312970 IBIRACI";6940,75;6940,75
"312980 IBIRITE";135804,63;135804,63
"313030 IGUATAMA";14321,70;14321,70
"313050 ILICINEA";19688,41;19688,41
"313090 INHAPIM";59833,72;59833,72
"313120 IPANEMA";53067,29;53067,29
"313130 IPATINGA";2819486,81;2819486,81
"313150 IPUIUNA";4421,91;4421,91
"313170 ITABIRA";361354,08;361354,08
"313180 ITABIRINHA";32214,86;32214,86
"313190 ITABIRITO";72238,61;72238,61
"313210 ITACARAMBI";13916,64;13916,64
"313220 ITAGUARA";23495,43;23495,43
"313230 ITAIPE";20234,90;20234,90
"313240 ITAJUBA";1463761,84;1463761,84
"313250 ITAMARANDIBA";85877,25;85877,25
"313270 ITAMBACURI";113035,04;113035,04
"313290 ITAMOGI";16180,06;16180,06
"313300 ITAMONTE";39439,22;39439,22
"313310 ITANHANDU";96788,50;96788,50
"313320 ITANHOMI";36539,16;36539,16
"313330 ITAOBIM";90160,29;90160,29
"313340 ITAPAGIPE";7729,14;7729,14
"313350 ITAPECERICA";34115,68;34115,68
"313375 ITAU DE MINAS";13874,63;13874,63
"313380 ITAUNA";297572,21;297572,21
"313420 ITUIUTABA";403080,72;403080,72
"313440 ITURAMA";74658,44;74658,44
"313460 JABOTICATUBAS";12647,96;12647,96
"313470 JACINTO";62384,40;62384,40
"313480 JACUI";2128,12;2128,12
"313490 JACUTINGA";39511,94;39511,94
"313505 JAIBA";13696,96;13696,96
"313510 JANAUBA";530562,85;530562,85
"313520 JANUARIA";99418,29;99418,29
"313540 JECEABA";5916,81;5916,81
"313580 JEQUITINHONHA";77603,04;77603,04
"313600 JOAIMA";34672,59;34672,59
"313620 JOAO MONLEVADE";296773,00;296773,00
"313630 JOAO PINHEIRO";29586,18;29586,18
"313640 JOAQUIM FELICIO";10405,13;10405,13
"313650 JORDANIA";18043,74;18043,74
"313670 JUIZ DE FORA";7888581,53;7888581,53
"313690 JURUAIA";20754,66;20754,66
"313700 LADAINHA";14359,50;14359,50
"313710 LAGAMAR";1315,12;1315,12
"313720 LAGOA DA PRATA";112211,28;112211,28
"313750 LAGOA FORMOSA";17977,86;17977,86
"313760 LAGOA SANTA";49137,09;49137,09
"313770 LAJINHA";3474,13;3474,13
"313780 LAMBARI";38108,66;38108,66
"313800 LARANJAL";10893,85;10893,85
"313820 LAVRAS";922233,48;922233,48
"313840 LEOPOLDINA";455334,26;455334,26
"313850 LIBERDADE";7128,09;7128,09
"313860 LIMA DUARTE";42073,59;42073,59
"313880 LUZ";40217,31;40217,31
"313890 MACHACALIS";30752,47;30752,47
"313900 MACHADO";47174,59;47174,59
"313920 MALACACHETA";67184,71;67184,71
"313930 MANGA";72117,37;72117,37
"313940 MANHUACU";557964,81;557964,81
"313950 MANHUMIRIM";289178,75;289178,75
"313960 MANTENA";89560,87;89560,87
"313980 MAR DE ESPANHA";15757,17;15757,17
"313990 MARIA DA FE";6377,10;6377,10
"314000 MARIANA";114194,70;114194,70
"314050 MARTINHO CAMPOS";9615,96;9615,96
"314070 MATEUS LEME";49502,89;49502,89
"314090 MATIPO";34100,71;34100,71
"314110 MATOZINHOS";25441,71;25441,71
"314120 MATUTINA";1364,91;1364,91
"314140 MEDINA";52281,73;52281,73
"314150 MENDES PIMENTEL";22126,12;22126,12
"314160 MERCES";22803,57;22803,57
"314180 MINAS NOVAS";116367,39;116367,39
"314200 MIRABELA";38796,40;38796,40
"314210 MIRADOURO";18718,18;18718,18
"314220 MIRAI";29743,34;29743,34
"314240 MOEMA";14335,74;14335,74
"314260 MONSENHOR PAULO";11141,85;11141,85
"314270 MONTALVANIA";36454,97;36454,97
"314280 MONTE ALEGRE DE MINAS";40977,83;40977,83
"314290 MONTE AZUL";70400,17;70400,17
"314300 MONTE BELO";17997,23;17997,23
"314310 MONTE CARMELO";145720,55;145720,55
"314320 MONTE SANTO DE MINAS";40585,89;40585,89
"314330 MONTES CLAROS";5890487,73;5890487,73
"314350 MORADA NOVA DE MINAS";5392,17;5392,17
"314390 MURIAE";2519079,30;2519079,30
"314400 MUTUM";59043,15;59043,15
"314410 MUZAMBINHO";34365,80;34365,80
"314430 NANUQUE";70610,16;70610,16
"314440 NATERCIA";4369,54;4369,54
"314450 NAZARENO";2676,18;2676,18
"314460 NEPOMUCENO";43757,40;43757,40
"314470 NOVA ERA";24808,12;24808,12
"314480 NOVA LIMA";215135,45;215135,45
"314500 NOVA PONTE";7055,10;7055,10
"314510 NOVA RESENDE";17429,17;17429,17
"314530 NOVO CRUZEIRO";45966,30;45966,30
"314560 OLIVEIRA";112415,31;112415,31
"314590 OURO BRANCO";38685,40;38685,40
"314600 OURO FINO";103755,29;103755,29
"314610 OURO PRETO";308939,80;308939,80
"314630 PADRE PARAISO";59543,02;59543,02
"314650 PAINS";7265,14;7265,14
"314670 PALMA";14815,75;14815,75
"314700 PARACATU";139655,78;139655,78
"314710 PARA DE MINAS";344427,36;344427,36
"314720 PARAGUACU";28382,51;28382,51
"314730 PARAISOPOLIS";38109,88;38109,88
"314750 PASSABEM";2300,07;2300,07
"314760 PASSA QUATRO";38030,31;38030,31
"314770 PASSA TEMPO";13074,75;13074,75
"314790 PASSOS";1664793,44;1664793,44
"314800 PATOS DE MINAS";1440242,37;1440242,37
"314810 PATROCINIO";453370,98;453370,98
"314820 PATROCINIO DO MURIAE";7261,85;7261,85
"314850 PAVAO";11277,26;11277,26
"314860 PECANHA";43259,35;43259,35
"314870 PEDRA AZUL";90054,05;90054,05
"314910 PEDRALVA";4316,54;4316,54
"314930 PEDRO LEOPOLDO";82591,30;82591,30
"314980 PERDIZES";37108,99;37108,99
"314990 PERDOES";35259,45;35259,45
"315030 PIEDADE DO RIO GRANDE";3820,72;3820,72
"315050 PIMENTA";6263,81;6263,81
"315080 PIRANGA";19449,09;19449,09
"315110 PIRAPETINGA";17153,34;17153,34
"315120 PIRAPORA";274369,23;274369,23
"315140 PITANGUI";54018,68;54018,68
"315150 PIUMHI";259636,51;259636,51
"315170 POCO FUNDO";12836,95;12836,95
"315180 POCOS DE CALDAS";1768369,70;1768369,70
"315200 POMPEU";47612,27;47612,27
"315210 PONTE NOVA";894740,05;894740,05
"315220 PORTEIRINHA";77136,51;77136,51
"315240 POTE";28268,37;28268,37
"315250 POUSO ALEGRE";3118281,14;3118281,14
"315260 POUSO ALTO";13630,57;13630,57
"315270 PRADOS";11597,72;11597,72
"315280 PRATA";35774,15;35774,15
"315310 PRESIDENTE BERNARDES";5516,82;5516,82
"315340 PRESIDENTE OLEGARIO";10880,96;10880,96
"315400 RAUL SOARES";58208,62;58208,62
"315410 RECREIO";35304,63;35304,63
"315420 RESENDE COSTA";36466,22;36466,22
"315430 RESPLENDOR";143883,96;143883,96
"315460 RIBEIRAO DAS NEVES";166147,79;166147,79
"315470 RIBEIRAO VERMELHO";2146,28;2146,28
"315490 RIO CASCA";22490,68;22490,68
"315520 RIO ESPERA";8946,71;8946,71
"315540 RIO NOVO";15316,75;15316,75
"315560 RIO PARDO DE MINAS";72739,56;72739,56
"315570 RIO PIRACICABA";20171,60;20171,60
"315580 RIO POMBA";38254,36;38254,36
"315590 RIO PRETO";8016,02;8016,02
"315600 RIO VERMELHO";22724,43;22724,43
"315660 RUBIM";25723,38;25723,38
"315670 SABARA";121123,71;121123,71
"315680 SABINOPOLIS";70208,73;70208,73
"315690 SACRAMENTO";45817,98;45817,98
"315700 SALINAS";136196,50;136196,50
"315710 SALTO DA DIVISA";8828,94;8828,94
"315720 SANTA BARBARA";31456,96;31456,96
"315780 SANTA LUZIA";235310,91;235310,91
"315790 SANTA MARGARIDA";58323,78;58323,78
"315800 SANTA MARIA DE ITABIRA";3835,14;3835,14
"315820 SANTA MARIA DO SUACUI";77088,06;77088,06
"315920 SANTA RITA DE CALDAS";2216,44;2216,44
"315930 SANTA RITA DE JACUTINGA";8185,31;8185,31
"315960 SANTA RITA DO SAPUCAI";61247,69;61247,69
"315980 SANTA VITORIA";35389,61;35389,61
"315990 SANTO ANTONIO DO AMPARO";137535,91;137535,91
"316040 SANTO ANTONIO DO MONTE";41063,70;41063,70
"316070 SANTOS DUMONT";73445,94;73445,94
"316100 SAO DOMINGOS DO PRATA";34275,56;34275,56
"316110 SAO FRANCISCO";106712,23;106712,23
"316200 SAO GONCALO DO SAPUCAI";59787,01;59787,01
"316210 SAO GOTARDO";38746,45;38746,45
"316220 SAO JOAO BATISTA DO GLORIA";8652,99;8652,99
"316240 SAO JOAO DA PONTE";26346,41;26346,41
"316250 SAO JOAO DEL REI";698524,45;698524,45
"316270 SAO JOAO DO PARAISO";52653,95;52653,95
"316280 SAO JOAO EVANGELISTA";44477,20;44477,20
"316290 SAO JOAO NEPOMUCENO";66713,72;66713,72
"316370 SAO LOURENCO";492143,91;492143,91
"316390 SAO PEDRO DA UNIAO";1686,23;1686,23
"316420 SAO ROMAO";4867,49;4867,49
"316430 SAO ROQUE DE MINAS";1023,51;1023,51
"316470 SAO SEBASTIAO DO PARAISO";544339,21;544339,21
"316500 SAO TIAGO";22636,98;22636,98
"316530 SAO VICENTE DE MINAS";12620,06;12620,06
"316570 SENADOR FIRMINO";14721,21;14721,21
"316690 SERRANIA";6851,81;6851,81
"316710 SERRO";70208,29;70208,29
"316720 SETE LAGOAS";1458674,63;1458674,63
"316740 SILVIANOPOLIS";8922,28;8922,28
"316800 TAIOBEIRAS";322455,04;322455,04
"316840 TARUMIRIM";190157,16;190157,16
"316850 TEIXEIRAS";4734,49;4734,49
"316860 TEOFILO OTONI";1187514,42;1187514,42
"316870 TIMOTEO";288242,56;288242,56
"316890 TIROS";5230,79;5230,79
"316920 TOMBOS";11909,69;11909,69
"316930 TRES CORACOES";488733,08;488733,08
"316935 TRES MARIAS";58324,17;58324,17
"316940 TRES PONTAS";301251,62;301251,62
"316960 TUPACIGUARA";23653,73;23653,73
"316970 TURMALINA";83953,33;83953,33
"316990 UBA";1549732,43;1549732,43
"317010 UBERABA";2875834,08;2875834,08
"317020 UBERLANDIA";4734462,97;4734462,97
"317040 UNAI";156308,44;156308,44
"317043 UNIAO DE MINAS";17091,07;17091,07
"317052 URUCUIA";15722,10;15722,10
"317070 VARGINHA";1769088,58;1769088,58
"317080 VARZEA DA PALMA";41737,03;41737,03
"317090 VARZELANDIA";27284,44;27284,44
"317100 VAZANTE";30615,94;30615,94
"317120 VESPASIANO";48491,03;48491,03
"317130 VICOSA";557018,90;557018,90
"317160 VIRGEM DA LAPA";14802,12;14802,12
"317170 VIRGINIA";17067,44;17067,44
"317180 VIRGINOPOLIS";33734,02;33734,02
"317200 VISCONDE DO RIO BRANCO";277681,14;277681,14
"320010 AFONSO CLAUDIO";48152,74;48152,74
"320020 ALEGRE";73240,72;73240,72
"320040 ANCHIETA";112454,20;112454,20
"320050 APIACA";2594,70;2594,70
"320060 ARACRUZ";283083,25;283083,25
"320070 ATILIO VIVACQUA";5572,05;5572,05
"320080 BAIXO GUANDU";43672,21;43672,21
"320090 BARRA DE SAO FRANCISCO";29130,80;29130,80
"320100 BOA ESPERANCA";32214,73;32214,73
"320120 CACHOEIRO DE ITAPEMIRIM";3082987,73;3082987,73
"320130 CARIACICA";553912,65;553912,65
"320140 CASTELO";84380,89;84380,89
"320150 COLATINA";601421,42;601421,42
"320170 CONCEICAO DO CASTELO";10569,19;10569,19
"320190 DOMINGOS MARTINS";67328,79;67328,79
"320210 ECOPORANGA";63960,43;63960,43
"320230 GUACUI";71914,54;71914,54
"320240 GUARAPARI";106584,35;106584,35
"320245 IBATIBA";55144,78;55144,78
"320260 ICONHA";9574,87;9574,87
"320270 ITAGUACU";8082,00;8082,00
"320280 ITAPEMIRIM";131656,61;131656,61
"320290 ITARANA";10223,85;10223,85
"320300 IUNA";96356,69;96356,69
"320305 JAGUARE";20946,06;20946,06
"320310 JERONIMO MONTEIRO";43432,10;43432,10
"320313 JOAO NEIVA";23823,67;23823,67
"320316 LARANJA DA TERRA";3747,69;3747,69
"320320 LINHARES";1250545,38;1250545,38
"320330 MANTENOPOLIS";15190,49;15190,49
"320340 MIMOSO DO SUL";40832,92;40832,92
"320350 MONTANHA";32519,80;32519,80
"320360 MUCURICI";30161,91;30161,91
"320370 MUNIZ FREIRE";18668,63;18668,63
"320380 MUQUI";11439,06;11439,06
"320390 NOVA VENECIA";100538,78;100538,78
"320400 PANCAS";28690,43;28690,43
"320405 PEDRO CANARIO";50134,68;50134,68
"320410 PINHEIROS";60425,68;60425,68
"320420 PIUMA";4998,69;4998,69
"320435 RIO BANANAL";3367,85;3367,85
"320450 SANTA LEOPOLDINA";24159,87;24159,87
"320455 SANTA MARIA DE JETIBA";72496,74;72496,74
"320460 SANTA TERESA";287625,36;287625,36
"320470 SAO GABRIEL DA PALHA";112505,81;112505,81
"320480 SAO JOSE DO CALCADO";45673,50;45673,50
"320490 SAO MATEUS";633712,56;633712,56
"320500 SERRA";819553,22;819553,22
"320503 VARGEM ALTA";7743,46;7743,46
"320506 VENDA NOVA DO IMIGRANTE";67087,15;67087,15
"320520 VILA VELHA";2915890,03;2915890,03
"320530 VITORIA";5971586,44;5971586,44
"330010 ANGRA DOS REIS";304692,14;304692,14
"330015 APERIBE";41081,02;41081,02
"330020 ARARUAMA";472763,44;472763,44
"330022 AREAL";7139,42;7139,42
"330023 ARMACAO DOS BUZIOS";50903,09;50903,09
"330025 ARRAIAL DO CABO";30845,84;30845,84
"330030 BARRA DO PIRAI";345855,89;345855,89
"330040 BARRA MANSA";983610,19;983610,19
"330045 BELFORD ROXO";669144,39;669144,39
"330050 BOM JARDIM";49566,75;49566,75
"330060 BOM JESUS DO ITABAPOANA";253131,13;253131,13
"330070 CABO FRIO";768527,37;768527,37
"330080 CACHOEIRAS DE MACACU";75724,11;75724,11
"330090 CAMBUCI";40697,44;40697,44
"330100 CAMPOS DOS GOYTACAZES";3658480,72;3658480,72
"330110 CANTAGALO";44964,75;44964,75
"330120 CARMO";37559,29;37559,29
"330130 CASIMIRO DE ABREU";31005,54;31005,54
"330140 CONCEICAO DE MACABU";4230,98;4230,98
"330150 CORDEIRO";54248,71;54248,71
"330160 DUAS BARRAS";10598,93;10598,93
"330170 DUQUE DE CAXIAS";903545,60;903545,60
"330180 ENGENHEIRO PAULO DE FRONTIN";9694,70;9694,70
"330185 GUAPIMIRIM";63375,83;63375,83
"330190 ITABORAI";252069,03;252069,03
"330200 ITAGUAI";82307,70;82307,70
"330210 ITAOCARA";93044,90;93044,90
"330220 ITAPERUNA";2430803,90;2430803,90
"330225 ITATIAIA";31545,19;31545,19
"330227 JAPERI";132956,05;132956,05
"330240 MACAE";445489,70;445489,70
"330250 MAGE";311529,12;311529,12
"330260 MANGARATIBA";72609,90;72609,90
"330280 MENDES";6929,50;6929,50
"330285 MESQUITA";105600,15;105600,15
"330290 MIGUEL PEREIRA";103814,38;103814,38
"330300 MIRACEMA";84430,08;84430,08
"330310 NATIVIDADE";33356,22;33356,22
"330320 NILOPOLIS";31822,18;31822,18
"330330 NITEROI";1006480,06;1006480,06
"330340 NOVA FRIBURGO";1316624,25;1316624,25
"330350 NOVA IGUACU";967898,43;967898,43
"330360 PARACAMBI";434518,95;434518,95
"330370 PARAIBA DO SUL";637714,61;637714,61
"330380 PARATY";36832,30;36832,30
"330390 PETROPOLIS";2559669,85;2559669,85
"330395 PINHEIRAL";11607,45;11607,45
"330400 PIRAI";62568,87;62568,87
"330410 PORCIUNCULA";15989,63;15989,63
"330411 PORTO REAL";67162,39;67162,39
"330412 QUATIS";250394,32;250394,32
"330414 QUEIMADOS";377098,79;377098,79
"330415 QUISSAMA";103604,67;103604,67
"330420 RESENDE";497768,90;497768,90
"330430 RIO BONITO";273678,65;273678,65
"330440 RIO CLARO";1477,63;1477,63
"330450 RIO DAS FLORES";17032,52;17032,52
"330452 RIO DAS OSTRAS";172894,31;172894,31
"330455 RIO DE JANEIRO";23501965,21;23501965,21
"330460 SANTA MARIA MADALENA";17621,35;17621,35
"330470 SANTO ANTONIO DE PADUA";146569,24;146569,24
"330475 SAO FRANCISCO DE ITABAPOANA";14024,54;14024,54
"330480 SAO FIDELIS";177352,40;177352,40
"330490 SAO GONCALO";2356330,42;2356330,42
"330500 SAO JOAO DA BARRA";35974,88;35974,88
"330510 SAO JOAO DE MERITI";307124,70;307124,70
"330515 SAO JOSE DO VALE DO RIO PRETO";16807,26;16807,26
"330520 SAO PEDRO DA ALDEIA";42397,76;42397,76
"330530 SAO SEBASTIAO DO ALTO";25478,66;25478,66
"330550 SAQUAREMA";65618,70;65618,70
"330560 SILVA JARDIM";7093,23;7093,23
"330570 SUMIDOURO";6182,85;6182,85
"330575 TANGUA";239013,42;239013,42
"330580 TERESOPOLIS";893248,15;893248,15
"330590 TRAJANO DE MORAES";21518,78;21518,78
"330600 TRES RIOS";469889,30;469889,30
"330610 VALENCA";381437,91;381437,91
"330620 VASSOURAS";800117,47;800117,47
"330630 VOLTA REDONDA";1471529,46;1471529,46
"350010 ADAMANTINA";410368,41;410368,41
"350030 AGUAI";48576,86;48576,86
"350050 AGUAS DE LINDOIA";58378,79;58378,79
"350070 AGUDOS";55474,69;55474,69
"350100 ALTINOPOLIS";43103,66;43103,66
"350110 ALTO ALEGRE";3525,37;3525,37
"350130 ALVARES MACHADO";33665,26;33665,26
"350160 AMERICANA";680809,23;680809,23
"350170 AMERICO BRASILIENSE";429601,78;429601,78
"350190 AMPARO";406120,61;406120,61
"350210 ANDRADINA";255576,68;255576,68
"350220 ANGATUBA";97343,03;97343,03
"350250 APARECIDA";161425,84;161425,84
"350260 APARECIDA D'OESTE";11234,49;11234,49
"350270 APIAI";71462,55;71462,55
"350280 ARACATUBA";1785621,59;1785621,59
"350320 ARARAQUARA";1408135,27;1408135,27
"350330 ARARAS";1004420,91;1004420,91
"350340 AREALVA";5674,80;5674,80
"350370 ARIRANHA";1501,89;1501,89
"350390 ARUJA";42044,60;42044,60
"350400 ASSIS";723020,11;723020,11
"350410 ATIBAIA";122115,12;122115,12
"350420 AURIFLAMA";28534,03;28534,03
"350450 AVARE";510568,49;510568,49
"350490 BANANAL";1737,61;1737,61
"350520 BARIRI";72923,95;72923,95
"350530 BARRA BONITA";86042,84;86042,84
"350550 BARRETOS";2891225,57;2891225,57
"350570 BARUERI";1771191,49;1771191,49
"350580 BASTOS";23484,97;23484,97
"350590 BATATAIS";328436,40;328436,40
"350600 BAURU";3480644,35;3480644,35
"350610 BEBEDOURO";70362,95;70362,95
"350630 BERNARDINO DE CAMPOS";22356,61;22356,61
"350635 BERTIOGA";90431,33;90431,33
"350640 BILAC";3241,11;3241,11
"350650 BIRIGUI";314740,43;314740,43
"350670 BOA ESPERANCA DO SUL";15707,09;15707,09
"350680 BOCAINA";4773,85;4773,85
"350700 BOITUVA";67466,62;67466,62
"350710 BOM JESUS DOS PERDOES";9129,50;9129,50
"350740 BORBOREMA";17644,29;17644,29
"350750 BOTUCATU";3628144,28;3628144,28
"350760 BRAGANCA PAULISTA";1058358,87;1058358,87
"350790 BROTAS";30126,80;30126,80
"350810 BURITAMA";42184,17;42184,17
"350840 CABREUVA";26070,22;26070,22
"350850 CACAPAVA";189990,63;189990,63
"350860 CACHOEIRA PAULISTA";38290,02;38290,02
"350870 CACONDE";97397,34;97397,34
"350880 CAFELANDIA";28554,09;28554,09
"350900 CAIEIRAS";9975,78;9975,78
"350920 CAJAMAR";45515,62;45515,62
"350925 CAJATI";8762,06;8762,06
"350930 CAJOBI";23582,98;23582,98
"350940 CAJURU";77325,63;77325,63
"350950 CAMPINAS";8337029,73;8337029,73
"350960 CAMPO LIMPO PAULISTA";56586,03;56586,03
"350970 CAMPOS DO JORDAO";633578,12;633578,12
"351000 CANDIDO MOTA";54121,24;54121,24
"351020 CAPAO BONITO";92158,77;92158,77
"351040 CAPIVARI";103390,46;103390,46
"351050 CARAGUATATUBA";523260,94;523260,94
"351060 CARAPICUIBA";1232725,10;1232725,10
"351070 CARDOSO";17800,97;17800,97
"351080 CASA BRANCA";353589,97;353589,97
"351100 CASTILHO";14990,14;14990,14
"351110 CATANDUVA";2030565,31;2030565,31
"351140 CERQUEIRA CESAR";38392,13;38392,13
"351150 CERQUILHO";73257,52;73257,52
"351160 CESARIO LANGE";15713,90;15713,90
"351170 CHARQUEADA";12253,46;12253,46
"351190 CLEMENTINA";4533,23;4533,23
"351200 COLINA";19271,07;19271,07
"351210 COLOMBIA";4450,93;4450,93
"351220 CONCHAL";66758,55;66758,55
"351230 CONCHAS";43076,75;43076,75
"351280 COSMOPOLIS";79164,71;79164,71
"351300 COTIA";752579,93;752579,93
"351310 CRAVINHOS";9461,56;9461,56
"351340 CRUZEIRO";334852,19;334852,19
"351350 CUBATAO";421192,92;421192,92
"351360 CUNHA";62146,73;62146,73
"351370 DESCALVADO";49222,86;49222,86
"351380 DIADEMA";1518894,98;1518894,98
"351390 DIVINOLANDIA";440626,57;440626,57
"351410 DOIS CORREGOS";66892,29;66892,29
"351440 DRACENA";275756,79;275756,79
"351450 DUARTINA";45626,71;45626,71
"351480 ELDORADO";204,50;204,50
"351500 EMBU DAS ARTES";272453,97;272453,97
"351510 EMBU-GUACU";6825,50;6825,50
"351518 ESPIRITO SANTO DO PINHAL";455415,39;455415,39
"351520 ESTRELA D'OESTE";9269,11;9269,11
"351540 FARTURA";20631,36;20631,36
"351550 FERNANDOPOLIS";298850,23;298850,23
"351570 FERRAZ DE VASCONCELOS";432343,84;432343,84
"351600 FLORIDA PAULISTA";22744,31;22744,31
"351620 FRANCA";2295963,33;2295963,33
"351630 FRANCISCO MORATO";589802,39;589802,39
"351640 FRANCO DA ROCHA";438371,00;438371,00
"351660 GALIA";7756,82;7756,82
"351670 GARCA";388670,31;388670,31
"351690 GENERAL SALGADO";19177,54;19177,54
"351700 GETULINA";1507,23;1507,23
"351740 GUAIRA";57365,51;57365,51
"351760 GUAPIARA";7741,80;7741,80
"351780 GUARACAI";10734,28;10734,28
"351820 GUARARAPES";59434,79;59434,79
"351830 GUARAREMA";42122,93;42122,93
"351840 GUARATINGUETA";402670,72;402670,72
"351860 GUARIBA";82610,39;82610,39
"351870 GUARUJA";934469,80;934469,80
"351880 GUARULHOS";4954263,64;4954263,64
"351900 HERCULANDIA";28042,74;28042,74
"351907 HORTOLANDIA";163468,73;163468,73
"351910 IACANGA";2109,80;2109,80
"351920 IACRI";3778,49;3778,49
"351930 IBATE";44620,21;44620,21
"351940 IBIRA";5556,96;5556,96
"351960 IBITINGA";140148,29;140148,29
"351970 IBIUNA";55369,80;55369,80
"351990 IEPE";19851,39;19851,39
"352010 IGARAPAVA";27076,92;27076,92
"352020 IGARATA";865,91;865,91
"352030 IGUAPE";4491,32;4491,32
"352040 ILHABELA";614,42;614,42
"352044 ILHA SOLTEIRA";99688,96;99688,96
"352050 INDAIATUBA";782521,80;782521,80
"352070 INDIAPORA";7388,63;7388,63
"352090 IPAUSSU";15579,82;15579,82
"352130 IPUA";39625,21;39625,21
"352170 ITABERA";22704,53;22704,53
"352190 ITAJOBI";12976,17;12976,17
"352210 ITANHAEM";224091,12;224091,12
"352220 ITAPECERICA DA SERRA";945472,79;945472,79
"352230 ITAPETININGA";437447,12;437447,12
"352240 ITAPEVA";686971,76;686971,76
"352250 ITAPEVI";694726,73;694726,73
"352260 ITAPIRA";1015103,71;1015103,71
"352270 ITAPOLIS";114563,78;114563,78
"352280 ITAPORANGA";36702,22;36702,22
"352290 ITAPUI";12726,78;12726,78
"352310 ITAQUAQUECETUBA";808109,68;808109,68
"352320 ITARARE";139349,24;139349,24
"352340 ITATIBA";197376,45;197376,45
"352350 ITATINGA";1209,06;1209,06
"352390 ITU";1254672,81;1254672,81
"352400 ITUPEVA";56594,43;56594,43
"352410 ITUVERAVA";181602,36;181602,36
"352430 JABOTICABAL";92220,74;92220,74
"352440 JACAREI";1025915,96;1025915,96
"352450 JACI";280376,54;280376,54
"352470 JAGUARIUNA";109933,05;109933,05
"352480 JALES";320404,59;320404,59
"352500 JANDIRA";38007,67;38007,67
"352530 JAU";3840625,31;3840625,31
"352550 JOANOPOLIS";8982,19;8982,19
"352570 JOSE BONIFACIO";39024,21;39024,21
"352590 JUNDIAI";2658230,66;2658230,66
"352600 JUNQUEIROPOLIS";63878,77;63878,77
"352610 JUQUIA";525,00;525,00
"352640 LARANJAL PAULISTA";55496,40;55496,40
"352670 LEME";183813,20;183813,20
"352680 LENCOIS PAULISTA";118214,64;118214,64
"352690 LIMEIRA";957186,92;957186,92
"352710 LINS";788059,21;788059,21
"352720 LORENA";470813,47;470813,47
"352730 LOUVEIRA";36190,52;36190,52
"352740 LUCELIA";37114,62;37114,62
"352770 LUIZIANIA";868,99;868,99
"352800 MACATUBA";32032,05;32032,05
"352810 MACAUBAL";668,86;668,86
"352850 MAIRIPORA";99184,19;99184,19
"352880 MARACAI";13258,20;13258,20
"352900 MARILIA";3556834,52;3556834,52
"352920 MARTINOPOLIS";47391,50;47391,50
"352930 MATAO";310631,98;310631,98
"352940 MAUA";1008641,02;1008641,02
"353010 MIRANDOPOLIS";100088,56;100088,56
"353030 MIRASSOL";83819,32;83819,32
"353050 MOCOCA";284892,81;284892,81
"353060 MOGI DAS CRUZES";2569160,68;2569160,68
"353070 MOGI GUACU";899473,67;899473,67
"353080 MOGI MIRIM";469459,59;469459,59
"353110 MONGAGUA";7255,24;7255,24
"353130 MONTE ALTO";144277,83;144277,83
"353140 MONTE APRAZIVEL";86446,22;86446,22
"353150 MONTE AZUL PAULISTA";39137,25;39137,25
"353180 MONTE MOR";10401,09;10401,09
"353190 MORRO AGUDO";37610,61;37610,61
"353210 MURUTINGA DO SUL";2493,48;2493,48
"353240 NAZARE PAULISTA";31543,10;31543,10
"353250 NEVES PAULISTA";9797,53;9797,53
"353260 NHANDEARA";90340,02;90340,02
"353290 NOVA EUROPA";5254,12;5254,12
"353300 NOVA GRANADA";73310,60;73310,60
"353340 NOVA ODESSA";43611,77;43611,77
"353350 NOVO HORIZONTE";100302,36;100302,36
"353390 OLIMPIA";133841,65;133841,65
"353430 ORLANDIA";99151,74;99151,74
"353440 OSASCO";1401987,66;1401987,66
"353460 OSVALDO CRUZ";69770,72;69770,72
"353470 OURINHOS";683441,53;683441,53
"353475 OUROESTE";5815,17;5815,17
"353490 PACAEMBU";8226,98;8226,98
"353520 PALMEIRA D'OESTE";23310,25;23310,25
"353530 PALMITAL";45714,64;45714,64
"353540 PANORAMA";8783,65;8783,65
"353550 PARAGUACU PAULISTA";246810,85;246810,85
"353560 PARAIBUNA";10646,52;10646,52
"353600 PARAPUA";22404,90;22404,90
"353620 PARIQUERA-ACU";584799,19;584799,19
"353630 PATROCINIO PAULISTA";36708,14;36708,14
"353650 PAULINIA";331455,27;331455,27
"353660 PAULO DE FARIA";6201,05;6201,05
"353670 PEDERNEIRAS";59374,79;59374,79
"353700 PEDREGULHO";25571,64;25571,64
"353710 PEDREIRA";46412,29;46412,29
"353730 PENAPOLIS";296932,48;296932,48
"353740 PEREIRA BARRETO";41757,55;41757,55
"353760 PERUIBE";15513,55;15513,55
"353780 PIEDADE";487980,85;487980,85
"353790 PILAR DO SUL";39749,03;39749,03
"353800 PINDAMONHANGABA";555459,27;555459,27
"353860 PIRACAIA";29550,53;29550,53
"353870 PIRACICABA";2900339,22;2900339,22
"353880 PIRAJU";94703,08;94703,08
"353890 PIRAJUI";102591,76;102591,76
"353900 PIRANGI";21679,97;21679,97
"353920 PIRAPOZINHO";93637,17;93637,17
"353930 PIRASSUNUNGA";175605,53;175605,53
"353940 PIRATININGA";8434,94;8434,94
"353950 PITANGUEIRAS";52263,55;52263,55
"353980 POA";39329,39;39329,39
"354000 POMPEIA";24332,49;24332,49
"354020 PONTAL";45079,21;45079,21
"354040 POPULINA";16011,59;16011,59
"354060 PORTO FELIZ";87267,52;87267,52
"354070 PORTO FERREIRA";100112,72;100112,72
"354080 POTIRENDABA";11016,14;11016,14
"354100 PRAIA GRANDE";542010,20;542010,20
"354120 PRESIDENTE BERNARDES";30522,42;30522,42
"354130 PRESIDENTE EPITACIO";89359,30;89359,30
"354140 PRESIDENTE PRUDENTE";3276593,64;3276593,64
"354150 PRESIDENTE VENCESLAU";153748,92;153748,92
"354160 PROMISSAO";169646,09;169646,09
"354190 QUELUZ";1681,95;1681,95
"354220 RANCHARIA";176079,81;176079,81
"354240 REGENTE FEIJO";15660,62;15660,62
"354260 REGISTRO";175349,36;175349,36
"354290 RIBEIRAO BONITO";20095,61;20095,61
"354300 RIBEIRAO BRANCO";20330,88;20330,88
"354330 RIBEIRAO PIRES";67336,29;67336,29
"354340 RIBEIRAO PRETO";9182436,70;9182436,70
"354380 RINOPOLIS";11998,79;11998,79
"354390 RIO CLARO";767901,61;767901,61
"354400 RIO DAS PEDRAS";33637,53;33637,53
"354420 RIOLANDIA";4715,57;4715,57
"354425 ROSANA";107815,89;107815,89
"354490 SALES OLIVEIRA";3596,45;3596,45
"354520 SALTO";218075,75;218075,75
"354530 SALTO DE PIRAPORA";942838,45;942838,45
"354540 SALTO GRANDE";21314,61;21314,61
"354560 SANTA ADELIA";6251,36;6251,36
"354580 SANTA BARBARA D'OESTE";339588,26;339588,26
"354630 SANTA CRUZ DAS PALMEIRAS";51539,74;51539,74
"354640 SANTA CRUZ DO RIO PARDO";182882,97;182882,97
"354660 SANTA FE DO SUL";94582,16;94582,16
"354680 SANTA ISABEL";194816,87;194816,87
"354730 SANTANA DE PARNAIBA";42072,55;42072,55
"354750 SANTA RITA DO PASSA QUATRO";313115,65;313115,65
"354760 SANTA ROSA DE VITERBO";31076,13;31076,13
"354770 SANTO ANASTACIO";46502,66;46502,66
"354780 SANTO ANDRE";3317089,09;3317089,09
"354850 SANTOS";3360006,83;3360006,83
"354860 SAO BENTO DO SAPUCAI";22975,26;22975,26
"354870 SAO BERNARDO DO CAMPO";1982713,53;1982713,53
"354880 SAO CAETANO DO SUL";823876,19;823876,19
"354890 SAO CARLOS";1141298,28;1141298,28
"354910 SAO JOAO DA BOA VISTA";369571,05;369571,05
"354940 SAO JOAQUIM DA BARRA";175774,47;175774,47
"354970 SAO JOSE DO RIO PARDO";357052,26;357052,26
"354980 SAO JOSE DO RIO PRETO";6861698,68;6861698,68
"354990 SAO JOSE DOS CAMPOS";3735617,95;3735617,95
"355000 SAO LUIS DO PARAITINGA";7671,76;7671,76
"355010 SAO MANUEL";26517,89;26517,89
"355030 SAO PAULO";80158902,53;80158902,53
"355040 SAO PEDRO";16065,08;16065,08
"355060 SAO ROQUE";101951,66;101951,66
"355070 SAO SEBASTIAO";166932,88;166932,88
"355080 SAO SEBASTIAO DA GRAMA";20480,61;20480,61
"355090 SAO SIMAO";21618,28;21618,28
"355100 SAO VICENTE";354172,71;354172,71
"355150 SERRANA";75101,91;75101,91
"355160 SERRA NEGRA";40691,58;40691,58
"355170 SERTAOZINHO";333389,97;333389,97
"355200 SILVEIRAS";2127,50;2127,50
"355210 SOCORRO";94508,17;94508,17
"355220 SOROCABA";5255721,14;5255721,14
"355230 SUD MENNUCCI";10389,66;10389,66
"355240 SUMARE";1473196,74;1473196,74
"355250 SUZANO";429311,72;429311,72
"355260 TABAPUA";23245,30;23245,30
"355270 TABATINGA";27316,27;27316,27
"355280 TABOAO DA SERRA";1403059,69;1403059,69
"355300 TAGUAI";25400,79;25400,79
"355330 TAMBAU";39675,34;39675,34
"355340 TANABI";57424,12;57424,12
"355360 TAPIRATIBA";13710,83;13710,83
"355370 TAQUARITINGA";164773,34;164773,34
"355380 TAQUARITUBA";48733,84;48733,84
"355400 TATUI";281090,88;281090,88
"355410 TAUBATE";2716457,70;2716457,70
"355430 TEODORO SAMPAIO";63439,30;63439,30
"355440 TERRA ROXA";13173,09;13173,09
"355450 TIETE";51785,91;51785,91
"355480 TREMEMBE";13013,52;13013,52
"355500 TUPA";1484140,85;1484140,85
"355510 TUPI PAULISTA";59409,61;59409,61
"355540 UBATUBA";12185,76;12185,76
"355580 URANIA";6190,47;6190,47
"355600 URUPES";28538,45;28538,45
"355620 VALINHOS";190647,28;190647,28
"355630 VALPARAISO";39680,68;39680,68
"355640 VARGEM GRANDE DO SUL";82895,89;82895,89
"355650 VARZEA PAULISTA";22521,12;22521,12
"355670 VINHEDO";124391,58;124391,58
"355680 VIRADOURO";14938,91;14938,91
"355700 VOTORANTIM";190241,74;190241,74
"355710 VOTUPORANGA";935155,90;935155,90
"355720 CHAVANTES";30731,01;30731,01
"410010 ABATIA";15570,79;15570,79
"410045 ALTAMIRA DO PARANA";3411,97;3411,97
"410050 ALTONIA";25004,17;25004,17
"410060 ALTO PARANA";32359,19;32359,19
"410080 ALVORADA DO SUL";4260,39;4260,39
"410090 AMAPORA";3892,11;3892,11
"410100 AMPERE";36027,54;36027,54
"410110 ANDIRA";51600,23;51600,23
"410120 ANTONINA";16959,05;16959,05
"410140 APUCARANA";1082018,42;1082018,42
"410150 ARAPONGAS";3739229,62;3739229,62
"410160 ARAPOTI";24641,98;24641,98
"410170 ARARUNA";8322,02;8322,02
"410180 ARAUCARIA";492619,73;492619,73
"410190 ASSAI";120406,43;120406,43
"410200 ASSIS CHATEAUBRIAND";79460,36;79460,36
"410210 ASTORGA";72246,45;72246,45
"410220 ATALAIA";1354,93;1354,93
"410240 BANDEIRANTES";102692,65;102692,65
"410250 BARBOSA FERRAZ";36946,28;36946,28
"410260 BARRACAO";35281,24;35281,24
"410280 BELA VISTA DO PARAISO";20889,29;20889,29
"410290 BITURUNA";33656,42;33656,42
"410300 BOA ESPERANCA";6496,16;6496,16
"410305 BOA VISTA DA APARECIDA";15118,18;15118,18
"410310 BOCAIUVA DO SUL";479,19;479,19
"410320 BOM SUCESSO";4639,48;4639,48
"410330 BORRAZOPOLIS";8834,68;8834,68
"410345 CAFELANDIA";28060,99;28060,99
"410360 CAMBARA";33812,95;33812,95
"410370 CAMBE";186512,36;186512,36
"410390 CAMPINA DA LAGOA";47264,02;47264,02
"410400 CAMPINA GRANDE DO SUL";6516865,38;6516865,38
"410410 CAMPO DO TENENTE";2720,23;2720,23
"410420 CAMPO LARGO";5318866,50;5318866,50
"410430 CAMPO MOURAO";832700,77;832700,77
"410440 CANDIDO DE ABREU";26607,68;26607,68
"410442 CANDOI";51880,80;51880,80
"410445 CANTAGALO";33554,46;33554,46
"410450 CAPANEMA";43038,47;43038,47
"410460 CAPITAO LEONIDAS MARQUES";34684,31;34684,31
"410470 CARLOPOLIS";2131,87;2131,87
"410480 CASCAVEL";4138592,32;4138592,32
"410490 CASTRO";273191,37;273191,37
"410500 CATANDUVAS";18069,39;18069,39
"410510 CENTENARIO DO SUL";8684,93;8684,93
"410520 CERRO AZUL";29125,44;29125,44
"410530 CEU AZUL";26247,06;26247,06
"410540 CHOPINZINHO";95807,83;95807,83
"410550 CIANORTE";325058,59;325058,59
"410560 CIDADE GAUCHA";26530,08;26530,08
"410570 CLEVELANDIA";56640,19;56640,19
"410580 COLOMBO";157374,10;157374,10
"410590 COLORADO";107043,93;107043,93
"410600 CONGONHINHAS";5998,39;5998,39
"410620 CONTENDA";4418,30;4418,30
"410630 CORBELIA";86293,55;86293,55
"410640 CORNELIO PROCOPIO";539275,96;539275,96
"410650 CORONEL VIVIDA";49479,79;49479,79
"410670 CRUZEIRO DO SUL";2891,59;2891,59
"410680 CRUZ MACHADO";32490,10;32490,10
"410690 CURITIBA";19068058,22;19068058,22
"410700 CURIUVA";17437,40;17437,40
"410710 DIAMANTE DO NORTE";10345,45;10345,45
"410715 DIAMANTE D'OESTE";5611,73;5611,73
"410720 DOIS VIZINHOS";109407,21;109407,21
"410725 DOURADINA";34069,80;34069,80
"410730 DOUTOR CAMARGO";4870,42;4870,42
"410750 ENGENHEIRO BELTRAO";48799,13;48799,13
"410753 ENTRE RIOS DO OESTE";7370,52;7370,52
"410760 FAXINAL";25573,43;25573,43
"410765 FAZENDA RIO GRANDE";55610,36;55610,36
"410775 FIGUEIRA";1334,66;1334,66
"410780 FLORAI";5303,03;5303,03
"410790 FLORESTA";4450,38;4450,38
"410820 FORMOSA DO OESTE";15512,02;15512,02
"410830 FOZ DO IGUACU";1256239,13;1256239,13
"410832 FRANCISCO ALVES";1727,53;1727,53
"410840 FRANCISCO BELTRAO";998495,31;998495,31
"410850 GENERAL CARNEIRO";13982,72;13982,72
"410855 GODOY MOREIRA";4557,61;4557,61
"410860 GOIOERE";112394,65;112394,65
"410870 GRANDES RIOS";12662,66;12662,66
"410880 GUAIRA";49214,93;49214,93
"410890 GUAIRACA";1445,48;1445,48
"410930 GUARANIACU";55612,76;55612,76
"410940 GUARAPUAVA";1546071,56;1546071,56
"410950 GUARAQUECABA";8038,98;8038,98
"410960 GUARATUBA";34612,24;34612,24
"410970 IBAITI";60631,17;60631,17
"410975 IBEMA";10677,88;10677,88
"410980 IBIPORA";109451,99;109451,99
"411020 INACIO MARTINS";6203,44;6203,44
"411030 INAJA";3345,30;3345,30
"411040 INDIANOPOLIS";4394,86;4394,86
"411050 IPIRANGA";10894,47;10894,47
"411060 IPORA";9260,51;9260,51
"411070 IRATI";464352,00;464352,00
"411080 IRETAMA";20596,34;20596,34
"411090 ITAGUAJE";6396,49;6396,49
"411100 ITAMBARACA";11019,63;11019,63
"411110 ITAMBE";4905,02;4905,02
"411125 ITAPERUCU";60821,38;60821,38
"411130 ITAUNA DO SUL";3047,67;3047,67
"411140 IVAI";20159,00;20159,00
"411150 IVAIPORA";707597,27;707597,27
"411170 JABOTI";9806,76;9806,76
"411180 JACAREZINHO";142352,99;142352,99
"411190 JAGUAPITA";12163,83;12163,83
"411200 JAGUARIAIVA";75729,00;75729,00
"411210 JANDAIA DO SUL";387116,53;387116,53
"411220 JANIOPOLIS";10946,63;10946,63
"411240 JAPURA";17428,20;17428,20
"411250 JARDIM ALEGRE";21158,85;21158,85
"411270 JATAIZINHO";36146,03;36146,03
"411275 JESUITAS";20585,93;20585,93
"411280 JOAQUIM TAVORA";12999,57;12999,57
"411295 JURANDA";11108,58;11108,58
"411300 JUSSARA";3480,06;3480,06
"411310 KALORE";7386,63;7386,63
"411320 LAPA";170593,49;170593,49
"411330 LARANJEIRAS DO SUL";170528,64;170528,64
"411345 LINDOESTE";6875,54;6875,54
"411350 LOANDA";125181,27;125181,27
"411370 LONDRINA";6350136,67;6350136,67
"411375 LUNARDELLI";20235,25;20235,25
"411390 MALLET";33628,60;33628,60
"411410 MANDAGUACU";72386,10;72386,10
"411420 MANDAGUARI";59030,86;59030,86
"411430 MANDIRITUBA";5550,64;5550,64
"411440 MANGUEIRINHA";51955,31;51955,31
"411450 MANOEL RIBAS";5177,49;5177,49
"411460 MARECHAL CANDIDO RONDON";219865,31;219865,31
"411480 MARIALVA";59678,50;59678,50
"411500 MARILENA";11136,50;11136,50
"411520 MARINGA";3856234,21;3856234,21
"411530 MARIOPOLIS";4620,16;4620,16
"411535 MARIPA";13616,30;13616,30
"411540 MARMELEIRO";37582,95;37582,95
"411550 MARUMBI";6043,46;6043,46
"411560 MATELANDIA";75808,65;75808,65
"411570 MATINHOS";11171,89;11171,89
"411580 MEDIANEIRA";195774,84;195774,84
"411600 MIRASELVA";408,65;408,65
"411605 MISSAL";1831,65;1831,65
"411630 MUNHOZ DE MELO";2465,56;2465,56
"411640 NOSSA SENHORA DAS GRACAS";1775,45;1775,45
"411670 NOVA AURORA";35255,71;35255,71
"411680 NOVA CANTU";18972,02;18972,02
"411690 NOVA ESPERANCA";65660,95;65660,95
"411695 NOVA ESPERANCA DO SUDOESTE";6235,34;6235,34
"411700 NOVA FATIMA";16187,38;16187,38
"411705 NOVA LARANJEIRAS";13953,52;13953,52
"411710 NOVA LONDRINA";19926,49;19926,49
"411722 NOVA SANTA ROSA";7873,04;7873,04
"411725 NOVA PRATA DO IGUACU";21675,23;21675,23
"411727 NOVA TEBAS";21943,25;21943,25
"411730 ORTIGUEIRA";59015,95;59015,95
"411740 OURIZONA";2714,28;2714,28
"411750 PAICANDU";34443,89;34443,89
"411760 PALMAS";149504,74;149504,74
"411770 PALMEIRA";80679,59;80679,59
"411790 PALOTINA";54294,80;54294,80
"411800 PARAISO DO NORTE";30109,01;30109,01
"411820 PARANAGUA";374322,56;374322,56
"411840 PARANAVAI";567696,78;567696,78
"411845 PATO BRAGADO";7631,51;7631,51
"411850 PATO BRANCO";1790725,67;1790725,67
"411870 PAULO FRONTIN";7897,63;7897,63
"411890 PEROLA";786,92;786,92
"411915 PINHAIS";212144,72;212144,72
"411920 PINHALAO";17638,45;17638,45
"411930 PINHAO";102579,92;102579,92
"411940 PIRAI DO SUL";43863,86;43863,86
"411950 PIRAQUARA";552915,73;552915,73
"411960 PITANGA";125725,19;125725,19
"411970 PLANALTINA DO PARANA";3342,96;3342,96
"411980 PLANALTO";46338,98;46338,98
"411990 PONTA GROSSA";2158129,95;2158129,95
"412000 PORECATU";9272,40;9272,40
"412020 PORTO RICO";4253,98;4253,98
"412033 PRADO FERREIRA";1550,74;1550,74
"412035 PRANCHITA";58241,74;58241,74
"412040 PRESIDENTE CASTELO BRANCO";6905,00;6905,00
"412050 PRIMEIRO DE MAIO";4125,22;4125,22
"412060 PRUDENTOPOLIS";105484,68;105484,68
"412070 QUATIGUA";13832,71;13832,71
"412085 QUATRO PONTES";3314,43;3314,43
"412090 QUEDAS DO IGUACU";62839,39;62839,39
"412100 QUERENCIA DO NORTE";14454,02;14454,02
"412120 QUITANDINHA";27241,22;27241,22
"412130 RANCHO ALEGRE";972,98;972,98
"412140 REALEZA";29793,03;29793,03
"412150 REBOUCAS";14787,08;14787,08
"412170 RESERVA";48621,36;48621,36
"412180 RIBEIRAO CLARO";20403,62;20403,62
"412190 RIBEIRAO DO PINHAL";35407,37;35407,37
"412200 RIO AZUL";33126,74;33126,74
"412220 RIO BRANCO DO SUL";45299,01;45299,01
"412230 RIO NEGRO";32045,69;32045,69
"412240 ROLANDIA";403805,46;403805,46
"412260 RONDON";19581,99;19581,99
"412265 ROSARIO DO IVAI";27498,77;27498,77
"412290 SALTO DO ITARARE";1858,03;1858,03
"412300 SALTO DO LONTRA";31056,01;31056,01
"412310 SANTA AMELIA";6679,64;6679,64
"412340 SANTA FE";16374,23;16374,23
"412350 SANTA HELENA";33760,82;33760,82
"412370 SANTA ISABEL DO IVAI";18961,91;18961,91
"412380 SANTA IZABEL DO OESTE";21899,05;21899,05
"412385 SANTA MARIA DO OESTE";31711,75;31711,75
"412400 SANTANA DO ITARARE";3366,96;3366,96
"412405 SANTA TEREZINHA DE ITAIPU";70274,35;70274,35
"412410 SANTO ANTONIO DA PLATINA";181464,78;181464,78
"412420 SANTO ANTONIO DO CAIUA";2930,73;2930,73
"412430 SANTO ANTONIO DO PARAISO";825,30;825,30
"412440 SANTO ANTONIO DO SUDOESTE";41710,70;41710,70
"412460 SAO CARLOS DO IVAI";5886,88;5886,88
"412470 SAO JERONIMO DA SERRA";8832,58;8832,58
"412480 SAO JOAO";15237,47;15237,47
"412490 SAO JOAO DO CAIUA";1395,49;1395,49
"412500 SAO JOAO DO IVAI";8559,21;8559,21
"412510 SAO JOAO DO TRIUNFO";23626,84;23626,84
"412520 SAO JORGE D'OESTE";21426,27;21426,27
"412530 SAO JORGE DO IVAI";7196,73;7196,73
"412535 SAO JORGE DO PATROCINIO";12754,32;12754,32
"412545 SAO JOSE DAS PALMEIRAS";5869,12;5869,12
"412550 SAO JOSE DOS PINHAIS";647263,79;647263,79
"412560 SAO MATEUS DO SUL";82561,10;82561,10
"412575 SAO PEDRO DO IGUACU";9158,67;9158,67
"412580 SAO PEDRO DO IVAI";19717,09;19717,09
"412620 SAPOPEMA";4694,67;4694,67
"412625 SARANDI";802645,62;802645,62
"412630 SENGES";3093,63;3093,63
"412640 SERTANEJA";1627,83;1627,83
"412650 SERTANOPOLIS";15123,87;15123,87
"412660 SIQUEIRA CAMPOS";41497,96;41497,96
"412667 TAMARANA";6314,17;6314,17
"412670 TAMBOARA";7264,57;7264,57
"412700 TEIXEIRA SOARES";15808,32;15808,32
"412710 TELEMACO BORBA";486814,31;486814,31
"412720 TERRA BOA";32205,02;32205,02
"412730 TERRA RICA";19440,95;19440,95
"412740 TERRA ROXA";25747,77;25747,77
"412750 TIBAGI";19287,94;19287,94
"412760 TIJUCAS DO SUL";1211,88;1211,88
"412770 TOLEDO";1032247,59;1032247,59
"412780 TOMAZINA";20219,58;20219,58
"412785 TRES BARRAS DO PARANA";22943,39;22943,39
"412790 TUNEIRAS DO OESTE";5951,51;5951,51
"412795 TUPASSI";8061,32;8061,32
"412796 TURVO";35127,59;35127,59
"412800 UBIRATA";79596,76;79596,76
"412810 UMUARAMA";1385904,07;1385904,07
"412820 UNIAO DA VITORIA";511940,37;511940,37
"412840 URAI";36256,43;36256,43
"412850 WENCESLAU BRAZ";37091,46;37091,46
"412855 VERA CRUZ DO OESTE";13329,49;13329,49
"412860 VERE";17379,99;17379,99
"420010 ABELARDO LUZ";74013,16;74013,16
"420020 AGROLANDIA";9769,26;9769,26
"420040 AGUA DOCE";19590,49;19590,49
"420070 ALFREDO WAGNER";8297,65;8297,65
"420080 ANCHIETA";10551,12;10551,12
"420090 ANGELINA";66752,47;66752,47
"420100 ANITA GARIBALDI";30025,15;30025,15
"420110 ANITAPOLIS";12064,28;12064,28
"420127 ARABUTA";2518,34;2518,34
"420140 ARARANGUA";453680,55;453680,55
"420150 ARMAZEM";19714,87;19714,87
"420160 ARROIO TRINTA";7140,14;7140,14
"420200 BALNEARIO CAMBORIU";329711,75;329711,75
"420240 BLUMENAU";4151617,19;4151617,19
"420243 BOCAINA DO SUL";88368,80;88368,80
"420250 BOM JARDIM DA SERRA";2517,43;2517,43
"420260 BOM RETIRO";11369,46;11369,46
"420280 BRACO DO NORTE";116990,61;116990,61
"420290 BRUSQUE";257395,24;257395,24
"420300 CACADOR";303378,98;303378,98
"420310 CAIBI";9591,59;9591,59
"420320 CAMBORIU";144901,46;144901,46
"420330 CAMPO ALEGRE";11896,61;11896,61
"420340 CAMPO BELO DO SUL";15371,90;15371,90
"420350 CAMPO ERE";38894,32;38894,32
"420360 CAMPOS NOVOS";83030,10;83030,10
"420370 CANELINHA";13654,34;13654,34
"420380 CANOINHAS";81137,96;81137,96
"420390 CAPINZAL";64036,28;64036,28
"420400 CATANDUVAS";2383,72;2383,72
"420410 CAXAMBU DO SUL";17526,94;17526,94
"420420 CHAPECO";1873640,53;1873640,53
"420430 CONCORDIA";1001936,06;1001936,06
"420440 CORONEL FREITAS";51637,22;51637,22
"420455 CORREIA PINTO";7312,64;7312,64
"420460 CRICIUMA";1952304,61;1952304,61
"420470 CUNHA PORA";14210,28;14210,28
"420480 CURITIBANOS";460438,39;460438,39
"420490 DESCANSO";27496,51;27496,51
"420500 DIONISIO CERQUEIRA";34964,57;34964,57
"420520 ERVAL VELHO";27354,02;27354,02
"420530 FAXINAL DOS GUEDES";38498,10;38498,10
"420540 FLORIANOPOLIS";3777139,45;3777139,45
"420550 FRAIBURGO";40799,30;40799,30
"420590 GASPAR";75102,67;75102,67
"420640 GUARACIABA";26344,29;26344,29
"420650 GUARAMIRIM";24269,73;24269,73
"420660 GUARUJA DO SUL";9042,73;9042,73
"420680 IBICARE";25762,48;25762,48
"420690 IBIRAMA";113920,20;113920,20
"420700 ICARA";138416,27;138416,27
"420720 IMARUI";14343,66;14343,66
"420730 IMBITUBA";122640,22;122640,22
"420740 IMBUIA";1075,82;1075,82
"420750 INDAIAL";335459,42;335459,42
"420760 IPIRA";5728,75;5728,75
"420765 IPORA DO OESTE";24770,00;24770,00
"420770 IPUMIRIM";2280,55;2280,55
"420780 IRANI";24453,60;24453,60
"420790 IRINEOPOLIS";16639,52;16639,52
"420800 ITA";8239,14;8239,14
"420810 ITAIOPOLIS";10581,37;10581,37
"420820 ITAJAI";2220877,58;2220877,58
"420830 ITAPEMA";15276,69;15276,69
"420840 ITAPIRANGA";33181,86;33181,86
"420850 ITUPORANGA";119935,13;119935,13
"420870 JACINTO MACHADO";20295,02;20295,02
"420880 JAGUARUNA";21635,92;21635,92
"420890 JARAGUA DO SUL";993206,24;993206,24
"420900 JOACABA";661962,87;661962,87
"420910 JOINVILLE";4409252,54;4409252,54
"420930 LAGES";1807244,20;1807244,20
"420940 LAGUNA";92484,61;92484,61
"420960 LAURO MULLER";47143,48;47143,48
"420970 LEBON REGIS";1509,22;1509,22
"420985 LINDOIA DO SUL";6606,31;6606,31
"421000 LUIZ ALVES";24279,85;24279,85
"421003 LUZERNA";86545,97;86545,97
"421010 MAFRA";388713,69;388713,69
"421030 MAJOR VIEIRA";23095,33;23095,33
"421050 MARAVILHA";108419,35;108419,35
"421080 MELEIRO";84144,45;84144,45
"421090 MODELO";3684,67;3684,67
"421100 MONDAI";26314,10;26314,10
"421110 MONTE CASTELO";5839,65;5839,65
"421120 MORRO DA FUMACA";86629,81;86629,81
"421130 NAVEGANTES";78401,26;78401,26
"421140 NOVA ERECHIM";11907,26;11907,26
"421150 NOVA TRENTO";22148,72;22148,72
"421160 NOVA VENEZA";50022,12;50022,12
"421170 ORLEANS";47522,87;47522,87
"421175 OTACILIO COSTA";2085,97;2085,97
"421200 PALMA SOLA";35573,72;35573,72
"421210 PALMITOS";86440,46;86440,46
"421220 PAPANDUVA";28047,71;28047,71
"421250 PENHA";101680,74;101680,74
"421260 PERITIBA";7668,00;7668,00
"421270 PETROLANDIA";3391,29;3391,29
"421290 PINHALZINHO";24326,39;24326,39
"421320 POMERODE";72220,86;72220,86
"421340 PONTE SERRADA";72135,70;72135,70
"421360 PORTO UNIAO";279109,36;279109,36
"421370 POUSO REDONDO";9577,28;9577,28
"421380 PRAIA GRANDE";37047,26;37047,26
"421400 PRESIDENTE GETULIO";33962,09;33962,09
"421420 QUILOMBO";79864,13;79864,13
"421450 RIO DO CAMPO";9759,21;9759,21
"421460 RIO DO OESTE";8858,00;8858,00
"421470 RIO DOS CEDROS";6667,91;6667,91
"421480 RIO DO SUL";1784961,58;1784961,58
"421490 RIO FORTUNA";14291,55;14291,55
"421500 RIO NEGRINHO";43708,13;43708,13
"421530 SALETE";31012,88;31012,88
"421540 SALTO VELOSO";4280,24;4280,24
"421550 SANTA CECILIA";112377,60;112377,60
"421570 SANTO AMARO DA IMPERATRIZ";181964,27;181964,27
"421580 SAO BENTO DO SUL";302600,26;302600,26
"421590 SAO BONIFACIO";12961,80;12961,80
"421600 SAO CARLOS";80233,94;80233,94
"421620 SAO FRANCISCO DO SUL";46888,41;46888,41
"421625 SAO JOAO DO OESTE";5643,90;5643,90
"421630 SAO JOAO BATISTA";34220,10;34220,10
"421650 SAO JOAQUIM";81750,78;81750,78
"421660 SAO JOSE";2878581,25;2878581,25
"421670 SAO JOSE DO CEDRO";23877,20;23877,20
"421680 SAO JOSE DO CERRITO";9034,42;9034,42
"421690 SAO LOURENCO DO OESTE";144185,94;144185,94
"421710 SAO MARTINHO";3602,80;3602,80
"421720 SAO MIGUEL DO OESTE";426682,84;426682,84
"421725 SAO PEDRO DE ALCANTARA";64352,85;64352,85
"421730 SAUDADES";16126,85;16126,85
"421750 SEARA";29591,74;29591,74
"421770 SOMBRIO";49131,41;49131,41
"421780 TAIO";25632,52;25632,52
"421790 TANGARA";15478,07;15478,07
"421800 TIJUCAS";69385,02;69385,02
"421810 TIMBE DO SUL";14046,75;14046,75
"421820 TIMBO";163326,45;163326,45
"421830 TRES BARRAS";257,32;257,32
"421840 TREZE DE MAIO";37644,14;37644,14
"421850 TREZE TILIAS";1183,69;1183,69
"421860 TROMBUDO CENTRAL";95816,12;95816,12
"421870 TUBARAO";1567941,33;1567941,33
"421875 TUNAPOLIS";39154,84;39154,84
"421880 TURVO";25198,05;25198,05
"421890 URUBICI";15526,23;15526,23
"421900 URUSSANGA";96246,79;96246,79
"421910 VARGEAO";13894,77;13894,77
"421930 VIDEIRA";304918,25;304918,25
"421935 VITOR MEIRELES";2433,90;2433,90
"421950 XANXERE";1140238,61;1140238,61
"421960 XAVANTINA";6949,12;6949,12
"421970 XAXIM";60925,50;60925,50
"430003 ACEGUA";34206,96;34206,96
"430010 AGUDO";46954,20;46954,20
"430020 AJURICABA";10762,40;10762,40
"430030 ALECRIM";17046,94;17046,94
"430040 ALEGRETE";421316,91;421316,91
"430050 ALPESTRE";16378,96;16378,96
"430060 ALVORADA";344084,04;344084,04
"430063 AMARAL FERRADOR";990,38;990,38
"430064 AMETISTA DO SUL";9152,55;9152,55
"430070 ANTA GORDA";9800,05;9800,05
"430080 ANTONIO PRADO";44837,25;44837,25
"430090 ARATIBA";10888,55;10888,55
"430100 ARROIO DO MEIO";42317,65;42317,65
"430120 ARROIO DO TIGRE";49257,64;49257,64
"430130 ARROIO GRANDE";29630,57;29630,57
"430140 ARVOREZINHA";37638,15;37638,15
"430150 AUGUSTO PESTANA";42211,92;42211,92
"430155 AUREA";865,91;865,91
"430160 BAGE";720772,80;720772,80
"430165 BARAO";9927,23;9927,23
"430210 BENTO GONCALVES";779811,17;779811,17
"430220 BOA VISTA DO BURICA";19861,99;19861,99
"430230 BOM JESUS";29638,81;29638,81
"430235 BOM PRINCIPIO";18014,20;18014,20
"430240 BOM RETIRO DO SUL";30661,81;30661,81
"430245 BOQUEIRAO DO LEAO";25840,94;25840,94
"430260 BRAGA";1369,92;1369,92
"430270 BUTIA";7697,27;7697,27
"430280 CACAPAVA DO SUL";113675,67;113675,67
"430290 CACEQUI";59309,10;59309,10
"430300 CACHOEIRA DO SUL";579608,82;579608,82
"430310 CACHOEIRINHA";314361,01;314361,01
"430330 CAIBATE";6923,14;6923,14
"430340 CAICARA";14368,37;14368,37
"430350 CAMAQUA";171267,63;171267,63
"430360 CAMBARA DO SUL";1479,72;1479,72
"430370 CAMPINA DAS MISSOES";25380,08;25380,08
"430380 CAMPINAS DO SUL";2545,11;2545,11
"430390 CAMPO BOM";156679,90;156679,90
"430400 CAMPO NOVO";3392,32;3392,32
"430420 CANDELARIA";112595,54;112595,54
"430430 CANDIDO GODOI";27808,97;27808,97
"430440 CANELA";122679,24;122679,24
"430450 CANGUCU";174301,98;174301,98
"430460 CANOAS";1978701,36;1978701,36
"430463 CAPAO DA CANOA";340578,88;340578,88
"430470 CARAZINHO";243393,77;243393,77
"430480 CARLOS BARBOSA";9116,24;9116,24
"430490 CASCA";29849,87;29849,87
"430510 CAXIAS DO SUL";3667608,16;3667608,16
"430513 CERRO BRANCO";2978,45;2978,45
"430520 CERRO LARGO";21538,68;21538,68
"430530 CHAPADA";9202,56;9202,56
"430540 CHIAPETTA";5364,13;5364,13
"430570 CONDOR";10229,29;10229,29
"430580 CONSTANTINA";11977,87;11977,87
"430590 CORONEL BICACO";7720,30;7720,30
"430600 CRISSIUMAL";46006,52;46006,52
"430610 CRUZ ALTA";284690,15;284690,15
"430620 CRUZEIRO DO SUL";11192,28;11192,28
"430630 DAVID CANABARRO";15898,49;15898,49
"430640 DOIS IRMAOS";44723,66;44723,66
"430645 DOIS LAJEADOS";13287,26;13287,26
"430650 DOM FELICIANO";7487,53;7487,53
"430660 DOM PEDRITO";90846,67;90846,67
"430673 DOUTOR MAURICIO CARDOSO";1341,43;1341,43
"430690 ENCRUZILHADA DO SUL";83934,05;83934,05
"430700 ERECHIM";1144480,37;1144480,37
"430720 ERVAL GRANDE";11860,12;11860,12
"430730 ERVAL SECO";3434,90;3434,90
"430750 ESPUMOSO";48940,57;48940,57
"430755 ESTACAO";5228,36;5228,36
"430760 ESTANCIA VELHA";60754,16;60754,16
"430770 ESTEIO";264136,27;264136,27
"430790 FARROUPILHA";157002,46;157002,46
"430800 FAXINAL DO SOTURNO";101105,65;101105,65
"430810 FELIZ";22925,69;22925,69
"430820 FLORES DA CUNHA";43517,22;43517,22
"430830 FONTOURA XAVIER";13253,94;13253,94
"430845 FORTALEZA DOS VALOS";14090,88;14090,88
"430850 FREDERICO WESTPHALEN";105223,42;105223,42
"430860 GARIBALDI";80859,65;80859,65
"430870 GAURAMA";4629,41;4629,41
"430890 GETULIO VARGAS";28636,32;28636,32
"430900 GIRUA";54771,17;54771,17
"430910 GRAMADO";280778,81;280778,81
"430920 GRAVATAI";454912,36;454912,36
"430925 GUABIJU";643,65;643,65
"430930 GUAIBA";38484,71;38484,71
"430940 GUAPORE";55220,55;55220,55
"430950 GUARANI DAS MISSOES";21195,94;21195,94
"430960 HORIZONTINA";54777,22;54777,22
"430970 HUMAITA";8281,73;8281,73
"431000 IBIRUBA";31101,61;31101,61
"431010 IGREJINHA";67179,06;67179,06
"431020 IJUI";1774806,05;1774806,05
"431030 ILOPOLIS";21985,85;21985,85
"431050 IRAI";47817,96;47817,96
"431060 ITAQUI";95651,67;95651,67
"431075 IVORA";3905,13;3905,13
"431080 IVOTI";44215,36;44215,36
"431085 JABOTICABA";15454,34;15454,34
"431090 JACUTINGA";7283,57;7283,57
"431100 JAGUARAO";36359,81;36359,81
"431110 JAGUARI";17893,71;17893,71
"431112 JAQUIRANA";3930,85;3930,85
"431120 JULIO DE CASTILHOS";44443,41;44443,41
"431130 LAGOA VERMELHA";53178,60;53178,60
"431140 LAJEADO";1108296,74;1108296,74
"431150 LAVRAS DO SUL";10283,99;10283,99
"431160 LIBERATO SALZANO";579,49;579,49
"431180 MARAU";72935,56;72935,56
"431190 MARCELINO RAMOS";50580,97;50580,97
"431200 MARIANO MORO";2167,71;2167,71
"431205 MARQUES DE SOUZA";46321,96;46321,96
"431210 MATA";15517,46;15517,46
"431220 MAXIMILIANO DE ALMEIDA";11143,56;11143,56
"431240 MONTENEGRO";196351,01;196351,01
"431250 MOSTARDAS";16148,76;16148,76
"431260 MUCUM";21893,59;21893,59
"431265 NAO-ME-TOQUE";16032,08;16032,08
"431270 NONOAI";91666,04;91666,04
"431290 NOVA BASSANO";18258,59;18258,59
"431300 NOVA BRESCIA";17624,42;17624,42
"431310 NOVA PALMA";15506,47;15506,47
"431320 NOVA PETROPOLIS";27863,28;27863,28
"431330 NOVA PRATA";59312,75;59312,75
"431340 NOVO HAMBURGO";1364285,34;1364285,34
"431350 OSORIO";53201,29;53201,29
"431360 PAIM FILHO";12240,23;12240,23
"431365 PALMARES DO SUL";8845,08;8845,08
"431370 PALMEIRA DAS MISSOES";46586,34;46586,34
"431380 PALMITINHO";56534,37;56534,37
"431390 PANAMBI";73398,29;73398,29
"431400 PARAI";17431,04;17431,04
"431402 PARAISO DO SUL";9060,27;9060,27
"431405 PAROBE";85558,95;85558,95
"431410 PASSO FUNDO";6390114,42;6390114,42
"431415 PAVERAMA";10888,28;10888,28
"431420 PEDRO OSORIO";18126,10;18126,10
"431430 PEJUCARA";3100,61;3100,61
"431440 PELOTAS";2773862,90;2773862,90
"431447 PINHAL GRANDE";2424,67;2424,67
"431450 PINHEIRO MACHADO";13393,14;13393,14
"431460 PIRATINI";41142,90;41142,90
"431470 PLANALTO";26703,70;26703,70
"431480 PORTAO";68693,75;68693,75
"431490 PORTO ALEGRE";22296194,36;22296194,36
"431500 PORTO LUCENA";23734,47;23734,47
"431510 PORTO XAVIER";29243,40;29243,40
"431515 PROGRESSO";34913,86;34913,86
"431520 PUTINGA";14444,36;14444,36
"431530 QUARAI";37216,91;37216,91
"431535 QUINZE DE NOVEMBRO";7711,08;7711,08
"431540 REDENTORA";13909,82;13909,82
"431550 RESTINGA SECA";19788,98;19788,98
"431560 RIO GRANDE";1293919,19;1293919,19
"431570 RIO PARDO";79759,12;79759,12
"431575 RIOZINHO";5588,84;5588,84
"431580 ROCA SALES";8289,15;8289,15
"431590 RODEIO BONITO";137998,33;137998,33
"431600 ROLANTE";41559,95;41559,95
"431610 RONDA ALTA";68044,05;68044,05
"431620 RONDINHA";8287,30;8287,30
"431630 ROQUE GONZALES";10384,89;10384,89
"431640 ROSARIO DO SUL";209424,16;209424,16
"431645 SALTO DO JACUI";18032,23;18032,23
"431650 SALVADOR DO SUL";15106,97;15106,97
"431660 SANANDUVA";38019,75;38019,75
"431670 SANTA BARBARA DO SUL";17342,20;17342,20
"431675 SANTA CLARA DO SUL";3374,15;3374,15
"431680 SANTA CRUZ DO SUL";1440362,71;1440362,71
"431690 SANTA MARIA";652432,85;652432,85
"431700 SANTANA DA BOA VISTA";11087,35;11087,35
"431710 SANT'ANA DO LIVRAMENTO";247807,24;247807,24
"431720 SANTA ROSA";534905,88;534905,88
"431730 SANTA VITORIA DO PALMAR";74627,46;74627,46
"431740 SANTIAGO";122031,18;122031,18
"431750 SANTO ANGELO";367583,37;367583,37
"431760 SANTO ANTONIO DA PATRULHA";102961,91;102961,91
"431780 SANTO AUGUSTO";68873,24;68873,24
"431790 SANTO CRISTO";62157,40;62157,40
"431800 SAO BORJA";400158,47;400158,47
"431810 SAO FRANCISCO DE ASSIS";26761,48;26761,48
"431820 SAO FRANCISCO DE PAULA";54782,74;54782,74
"431830 SAO GABRIEL";358353,18;358353,18
"431840 SAO JERONIMO";129270,54;129270,54
"431849 SAO JOSE DO INHACORA";1989,06;1989,06
"431850 SAO JOSE DO NORTE";33982,45;33982,45
"431860 SAO JOSE DO OURO";51148,22;51148,22
"431870 SAO LEOPOLDO";526144,17;526144,17
"431880 SAO LOURENCO DO SUL";126625,41;126625,41
"431890 SAO LUIZ GONZAGA";173772,32;173772,32
"431900 SAO MARCOS";43637,68;43637,68
"431910 SAO MARTINHO";6640,36;6640,36
"431915 SAO MIGUEL DAS MISSOES";29859,97;29859,97
"431930 SAO PAULO DAS MISSOES";22266,53;22266,53
"431940 SAO PEDRO DO SUL";23883,69;23883,69
"431950 SAO SEBASTIAO DO CAI";50929,89;50929,89
"431960 SAO SEPE";86600,65;86600,65
"431980 SAO VICENTE DO SUL";3430,63;3430,63
"431990 SAPIRANGA";251716,10;251716,10
"432000 SAPUCAIA DO SUL";341070,59;341070,59
"432010 SARANDI";84007,11;84007,11
"432020 SEBERI";22180,25;22180,25
"432026 SEGREDO";17701,35;17701,35
"432030 SELBACH";3249,98;3249,98
"432040 SERAFINA CORREA";17005,89;17005,89
"432050 SERTAO";7989,87;7989,87
"432060 SEVERIANO DE ALMEIDA";15782,77;15782,77
"432067 SINIMBU";27012,97;27012,97
"432070 SOBRADINHO";91725,29;91725,29
"432080 SOLEDADE";94754,42;94754,42
"432090 TAPEJARA";25033,68;25033,68
"432100 TAPERA";14794,34;14794,34
"432110 TAPES";10289,91;10289,91
"432120 TAQUARA";138072,97;138072,97
"432130 TAQUARI";86502,47;86502,47
"432140 TENENTE PORTELA";76755,73;76755,73
"432145 TEUTONIA";106444,13;106444,13
"432150 TORRES";83615,32;83615,32
"432160 TRAMANDAI";281871,56;281871,56
"432163 TRES ARROIOS";3597,68;3597,68
"432170 TRES COROAS";79243,99;79243,99
"432180 TRES DE MAIO";156387,32;156387,32
"432190 TRES PASSOS";183988,92;183988,92
"432195 TRINDADE DO SUL";17608,85;17608,85
"432200 TRIUNFO";39284,04;39284,04
"432210 TUCUNDUVA";23990,76;23990,76
"432220 TUPANCIRETA";70478,11;70478,11
"432230 TUPARENDI";24300,70;24300,70
"432240 URUGUAIANA";473849,30;473849,30
"432250 VACARIA";328766,32;328766,32
"432253 VALE DO SOL";17549,50;17549,50
"432260 VENANCIO AIRES";194294,63;194294,63
"432270 VERA CRUZ";48467,31;48467,31
"432280 VERANOPOLIS";58011,76;58011,76
"432290 VIADUTOS";4216,39;4216,39
"432300 VIAMAO";256185,74;256185,74
"500020 AGUA CLARA";6287,51;6287,51
"500060 AMAMBAI";63630,92;63630,92
"500070 ANASTACIO";35012,47;35012,47
"500080 ANAURILANDIA";10377,10;10377,10
"500085 ANGELICA";9052,00;9052,00
"500090 ANTONIO JOAO";3147,20;3147,20
"500100 APARECIDA DO TABOADO";16149,73;16149,73
"500110 AQUIDAUANA";211432,15;211432,15
"500124 ARAL MOREIRA";7910,19;7910,19
"500190 BATAGUASSU";12314,07;12314,07
"500200 BATAYPORA";14025,23;14025,23
"500210 BELA VISTA";51064,21;51064,21
"500215 BODOQUENA";10304,28;10304,28
"500220 BONITO";36503,38;36503,38
"500230 BRASILANDIA";12034,04;12034,04
"500240 CAARAPO";44276,93;44276,93
"500260 CAMAPUA";23185,78;23185,78
"500270 CAMPO GRANDE";8928425,57;8928425,57
"500280 CARACOL";1411,60;1411,60
"500290 CASSILANDIA";25541,67;25541,67
"500295 CHAPADAO DO SUL";38031,46;38031,46
"500315 CORONEL SAPUCAIA";5185,58;5185,58
"500320 CORUMBA";432492,39;432492,39
"500325 COSTA RICA";25917,26;25917,26
"500330 COXIM";57407,18;57407,18
"500345 DEODAPOLIS";3245,11;3245,11
"500348 DOIS IRMAOS DO BURITI";11452,00;11452,00
"500370 DOURADOS";1563090,41;1563090,41
"500380 FATIMA DO SUL";46414,32;46414,32
"500400 GLORIA DE DOURADOS";14222,98;14222,98
"500410 GUIA LOPES DA LAGUNA";22034,66;22034,66
"500430 IGUATEMI";71567,38;71567,38
"500440 INOCENCIA";5251,64;5251,64
"500450 ITAPORA";7813,83;7813,83
"500460 ITAQUIRAI";25872,03;25872,03
"500470 IVINHEMA";29344,23;29344,23
"500500 JARDIM";37393,42;37393,42
"500510 JATEI";1386,99;1386,99
"500515 JUTI";8520,59;8520,59
"500525 LAGUNA CARAPA";8304,32;8304,32
"500540 MARACAJU";38923,14;38923,14
"500560 MIRANDA";25554,52;25554,52
"500568 MUNDO NOVO";26965,26;26965,26
"500570 NAVIRAI";84759,47;84759,47
"500600 NOVA ALVORADA DO SUL";4965,45;4965,45
"500620 NOVA ANDRADINA";119044,94;119044,94
"500625 NOVO HORIZONTE DO SUL";6655,39;6655,39
"500630 PARANAIBA";184467,65;184467,65
"500635 PARANHOS";15537,15;15537,15
"500640 PEDRO GOMES";3961,05;3961,05
"500660 PONTA PORA";156527,52;156527,52
"500690 PORTO MURTINHO";6785,43;6785,43
"500710 RIBAS DO RIO PARDO";21727,17;21727,17
"500720 RIO BRILHANTE";43519,88;43519,88
"500730 RIO NEGRO";3309,30;3309,30
"500740 RIO VERDE DE MATO GROSSO";16021,86;16021,86
"500755 SANTA RITA DO PARDO";3281,49;3281,49
"500769 SAO GABRIEL DO OESTE";56300,13;56300,13
"500770 SETE QUEDAS";6221,45;6221,45
"500790 SIDROLANDIA";54734,55;54734,55
"500793 SONORA";11490,29;11490,29
"500795 TACURU";13892,95;13892,95
"500830 TRES LAGOAS";430597,69;430597,69
"500840 VICENTINA";5127,16;5127,16
"510020 AGUA BOA";115734,68;115734,68
"510025 ALTA FLORESTA";185222,33;185222,33
"510030 ALTO ARAGUAIA";17693,00;17693,00
"510060 ALTO TAQUARI";7502,74;7502,74
"510080 APIACAS";16795,86;16795,86
"510125 ARAPUTANGA";26419,16;26419,16
"510130 ARENAPOLIS";30089,60;30089,60
"510140 ARIPUANA";37607,05;37607,05
"510170 BARRA DO BUGRES";78892,62;78892,62
"510180 BARRA DO GARCAS";327836,44;327836,44
"510190 BRASNORTE";8612,85;8612,85
"510250 CACERES";706090,61;706090,61
"510260 CAMPINAPOLIS";10148,25;10148,25
"510263 CAMPO NOVO DO PARECIS";1371,44;1371,44
"510267 CAMPO VERDE";55755,09;55755,09
"510270 CANARANA";6234,03;6234,03
"510279 CARLINDA";11510,90;11510,90
"510310 COCALINHO";9168,32;9168,32
"510320 COLIDER";241177,84;241177,84
"510325 COLNIZA";18268,92;18268,92
"510330 COMODORO";37687,49;37687,49
"510335 CONFRESA";104699,63;104699,63
"510337 COTRIGUACU";12821,07;12821,07
"510340 CUIABA";5307095,35;5307095,35
"510345 DENISE";11401,62;11401,62
"510350 DIAMANTINO";44678,45;44678,45
"510360 DOM AQUINO";19760,15;19760,15
"510385 GAUCHA DO NORTE";4497,08;4497,08
"510390 GENERAL CARNEIRO";3047,16;3047,16
"510410 GUARANTA DO NORTE";43263,78;43263,78
"510420 GUIRATINGA";20536,52;20536,52
"510455 ITAUBA";5165,03;5165,03
"510460 ITIQUIRA";767,49;767,49
"510480 JACIARA";30666,98;30666,98
"510500 JAURU";21091,92;21091,92
"510510 JUARA";50368,94;50368,94
"510515 JUINA";103121,80;103121,80
"510517 JURUENA";7399,93;7399,93
"510520 JUSCIMEIRA";7299,74;7299,74
"510525 LUCAS DO RIO VERDE";49276,81;49276,81
"510550 VILA BELA DA SANTISSIMA TRINDADE";34947,50;34947,50
"510558 MARCELANDIA";8229,64;8229,64
"510560 MATUPA";16554,29;16554,29
"510562 MIRASSOL D'OESTE";30889,18;30889,18
"510590 NOBRES";42079,75;42079,75
"510600 NORTELANDIA";23507,54;23507,54
"510610 NOSSA SENHORA DO LIVRAMENTO";8463,00;8463,00
"510621 NOVA CANAA DO NORTE";3110,80;3110,80
"510622 NOVA MUTUM";50341,77;50341,77
"510623 NOVA OLIMPIA";49899,49;49899,49
"510625 NOVA XAVANTINA";13786,49;13786,49
"510627 NOVO HORIZONTE DO NORTE";1179,20;1179,20
"510628 NOVO SAO JOAQUIM";5168,07;5168,07
"510629 PARANAITA";23242,89;23242,89
"510630 PARANATINGA";26642,58;26642,58
"510637 PEDRA PRETA";13196,84;13196,84
"510642 PEIXOTO DE AZEVEDO";69515,93;69515,93
"510650 POCONE";77631,72;77631,72
"510670 PONTE BRANCA";3789,83;3789,83
"510675 PONTES E LACERDA";92431,81;92431,81
"510677 PORTO ALEGRE DO NORTE";2258,43;2258,43
"510680 PORTO DOS GAUCHOS";3767,61;3767,61
"510700 POXOREO";36080,67;36080,67
"510704 PRIMAVERA DO LESTE";72881,62;72881,62
"510706 QUERENCIA";3910,21;3910,21
"510710 SAO JOSE DOS QUATRO MARCOS";25289,90;25289,90
"510718 RIBEIRAO CASCALHEIRA";1806,32;1806,32
"510719 RIBEIRAOZINHO";4714,91;4714,91
"510720 RIO BRANCO";5646,17;5646,17
"510730 SAO JOSE DO RIO CLARO";43262,07;43262,07
"510760 RONDONOPOLIS";1278655,84;1278655,84
"510770 ROSARIO OESTE";33388,02;33388,02
"510775 SALTO DO CEU";7768,76;7768,76
"510777 SANTA TEREZINHA";3757,37;3757,37
"510785 SAO FELIX DO ARAGUAIA";43634,62;43634,62
"510787 SAPEZAL";32724,35;32724,35
"510790 SINOP";441584,99;441584,99
"510792 SORRISO";512673,12;512673,12
"510795 TANGARA DA SERRA";199235,08;199235,08
"510800 TAPURAH";7285,36;7285,36
"510805 TERRA NOVA DO NORTE";11685,78;11685,78
"510810 TESOURO";7357,75;7357,75
"510820 TORIXOREU";6319,56;6319,56
"510840 VARZEA GRANDE";1178199,27;1178199,27
"510860 VILA RICA";32446,75;32446,75
"520013 ACREUNA";42185,40;42185,40
"520030 ALEXANIA";16563,21;16563,21
"520050 ALOANDIA";1613,38;1613,38
"520080 ALVORADA DO NORTE";24227,50;24227,50
"520085 AMERICANO DO BRASIL";1857,72;1857,72
"520090 AMORINOPOLIS";4900,47;4900,47
"520110 ANAPOLIS";3642805,21;3642805,21
"520130 ANICUNS";13995,79;13995,79
"520140 APARECIDA DE GOIANIA";2032167,41;2032167,41
"520150 APORE";3873,66;3873,66
"520160 ARACU";1380,89;1380,89
"520170 ARAGARCAS";900,28;900,28
"520215 ARAGUAPAZ";1236,57;1236,57
"520235 ARENOPOLIS";5811,42;5811,42
"520250 ARUANA";9379,49;9379,49
"520280 AVELINOPOLIS";1398,68;1398,68
"520320 BARRO ALTO";1601,59;1601,59
"520330 BELA VISTA DE GOIAS";5084,90;5084,90
"520340 BOM JARDIM DE GOIAS";4554,05;4554,05
"520350 BOM JESUS DE GOIAS";7183,11;7183,11
"520355 BONFINOPOLIS";6819,45;6819,45
"520380 BRITANIA";17569,98;17569,98
"520390 BURITI ALEGRE";24598,97;24598,97
"520393 BURITI DE GOIAS";3657,73;3657,73
"520400 CABECEIRAS";2526,47;2526,47
"520425 CACHOEIRA DOURADA";324,90;324,90
"520430 CACU";3130,97;3130,97
"520440 CAIAPONIA";39697,69;39697,69
"520450 CALDAS NOVAS";156311,45;156311,45
"520465 CAMPINACU";5932,85;5932,85
"520470 CAMPINORTE";27769,31;27769,31
"520480 CAMPO ALEGRE DE GOIAS";204,50;204,50
"520495 CAMPOS VERDES";1011,83;1011,83
"520505 CASTELANDIA";2724,52;2724,52
"520510 CATALAO";279381,73;279381,73
"520520 CATURAI";5040,63;5040,63
"520540 CERES";267727,06;267727,06
"520545 CEZARINA";1210,74;1210,74
"520547 CHAPADAO DO CEU";3015,66;3015,66
"520551 COCALZINHO DE GOIAS";1148,05;1148,05
"520552 COLINAS DO SUL";5131,71;5131,71
"520570 CORREGO DO OURO";4132,71;4132,71
"520580 CORUMBA DE GOIAS";1339,46;1339,46
"520590 CORUMBAIBA";10408,60;10408,60
"520620 CRISTALINA";11098,74;11098,74
"520630 CRISTIANOPOLIS";3720,00;3720,00
"520640 CRIXAS";32676,94;32676,94
"520650 CROMINIA";135,71;135,71
"520660 CUMARI";934,82;934,82
"520670 DAMIANOPOLIS";9112,17;9112,17
"520680 DAMOLANDIA";1847,36;1847,36
"520710 DIORAMA";2080,29;2080,29
"520725 DOVERLANDIA";9901,70;9901,70
"520740 EDEIA";22679,50;22679,50
"520750 ESTRELA DO NORTE";1747,26;1747,26
"520760 FAZENDA NOVA";662,08;662,08
"520780 FIRMINOPOLIS";26424,72;26424,72
"520790 FLORES DE GOIAS";204,15;204,15
"520800 FORMOSA";98238,62;98238,62
"520810 FORMOSO";12439,52;12439,52
"520840 GOIANAPOLIS";12052,12;12052,12
"520850 GOIANDIRA";4645,52;4645,52
"520860 GOIANESIA";111442,10;111442,10
"520870 GOIANIA";17035242,98;17035242,98
"520880 GOIANIRA";46946,10;46946,10
"520890 GOIAS";31701,83;31701,83
"520910 GOIATUBA";36063,02;36063,02
"520960 HEITORAI";9990,30;9990,30
"520970 HIDROLANDIA";8148,40;8148,40
"520990 IACIARA";582,42;582,42
"520995 INDIARA";8105,42;8105,42
"521000 INHUMAS";98550,57;98550,57
"521010 IPAMERI";37956,99;37956,99
"521020 IPORA";48791,36;48791,36
"521040 ITABERAI";11862,04;11862,04
"521060 ITAGUARU";582,42;582,42
"521080 ITAJA";2208,46;2208,46
"521090 ITAPACI";70986,36;70986,36
"521100 ITAPIRAPUA";5010,17;5010,17
"521120 ITAPURANGA";72821,86;72821,86
"521130 ITARUMA";5129,57;5129,57
"521140 ITAUCU";8277,75;8277,75
"521150 ITUMBIARA";119212,08;119212,08
"521160 IVOLANDIA";1776,65;1776,65
"521170 JANDAIA";9289,19;9289,19
"521180 JARAGUA";70273,14;70273,14
"521190 JATAI";317123,75;317123,75
"521200 JAUPACI";1431,14;1431,14
"521210 JOVIANIA";1359,95;1359,95
"521220 JUSSARA";2457,56;2457,56
"521250 LUZIANIA";9893,34;9893,34
"521260 MAIRIPOTABA";843,60;843,60
"521270 MAMBAI";4596,09;4596,09
"521280 MARA ROSA";9027,34;9027,34
"521290 MARZAGAO";1637,60;1637,60
"521295 MATRINCHA";6794,85;6794,85
"521300 MAURILANDIA";10367,89;10367,89
"521308 MINACU";29939,60;29939,60
"521310 MINEIROS";45998,37;45998,37
"521350 MONTE ALEGRE DE GOIAS";3589,29;3589,29
"521370 MONTES CLAROS DE GOIAS";6616,57;6616,57
"521375 MONTIVIDIU";13097,44;13097,44
"521380 MORRINHOS";88205,12;88205,12
"521385 MORRO AGUDO DE GOIAS";3251,32;3251,32
"521400 MOZARLANDIA";5605,64;5605,64
"521405 MUNDO NOVO";7181,35;7181,35
"521410 MUTUNOPOLIS";3196,48;3196,48
"521440 NAZARIO";6059,00;6059,00
"521450 NEROPOLIS";265796,70;265796,70
"521460 NIQUELANDIA";41371,74;41371,74
"521483 NOVA CRIXAS";25232,12;25232,12
"521500 NOVA VENEZA";1605,14;1605,14
"521520 NOVO BRASIL";2471,06;2471,06
"521550 OUVIDOR";1340,81;1340,81
"521560 PADRE BERNARDO";5594,56;5594,56
"521570 PALMEIRAS DE GOIAS";11031,89;11031,89
"521580 PALMELO";3918,42;3918,42
"521590 PALMINOPOLIS";582,42;582,42
"521630 PARANAIGUARA";28465,34;28465,34
"521640 PARAUNA";9637,02;9637,02
"521680 PETROLINA DE GOIAS";19585,00;19585,00
"521710 PIRACANJUBA";49104,38;49104,38
"521720 PIRANHAS";6913,30;6913,30
"521730 PIRENOPOLIS";42549,67;42549,67
"521740 PIRES DO RIO";55744,28;55744,28
"521760 PLANALTINA";34757,53;34757,53
"521770 PONTALINA";30177,87;30177,87
"521800 PORANGATU";56203,30;56203,30
"521810 PORTELANDIA";818,17;818,17
"521830 POSSE";41360,27;41360,27
"521850 QUIRINOPOLIS";56938,94;56938,94
"521860 RIALMA";19762,85;19762,85
"521880 RIO VERDE";503045,30;503045,30
"521890 RUBIATABA";32701,54;32701,54
"521900 SANCLERLANDIA";10315,40;10315,40
"521910 SANTA BARBARA DE GOIAS";8344,58;8344,58
"521920 SANTA CRUZ DE GOIAS";1457,24;1457,24
"521925 SANTA FE DE GOIAS";5538,83;5538,83
"521930 SANTA HELENA DE GOIAS";214328,90;214328,90
"521950 SANTA ROSA DE GOIAS";2005,19;2005,19
"521960 SANTA TEREZA DE GOIAS";4933,54;4933,54
"521970 SANTA TEREZINHA DE GOIAS";6057,95;6057,95
"521973 SANTO ANTONIO DE GOIAS";1543,90;1543,90
"521975 SANTO ANTONIO DO DESCOBERTO";3384,33;3384,33
"521980 SAO DOMINGOS";4171,33;4171,33
"522000 SAO JOAO D'ALIANCA";2914,49;2914,49
"522010 SAO LUIS DE MONTES BELOS";40576,13;40576,13
"522020 SAO MIGUEL DO ARAGUAIA";17362,14;17362,14
"522040 SAO SIMAO";73901,59;73901,59
"522045 SENADOR CANEDO";312449,02;312449,02
"522050 SERRANOPOLIS";2985,48;2985,48
"522060 SILVANIA";22165,79;22165,79
"522068 SIMOLANDIA";6998,48;6998,48
"522100 TAQUARAL DE GOIAS";3101,20;3101,20
"522140 TRINDADE";621808,25;621808,25
"522145 TROMBAS";2729,20;2729,20
"522150 TURVANIA";5192,03;5192,03
"522155 TURVELANDIA";7828,93;7828,93
"522160 URUACU";36288,75;36288,75
"522170 URUANA";38854,00;38854,00
"522200 VIANOPOLIS";36080,59;36080,59
"522205 VICENTINOPOLIS";4546,83;4546,83
"522220 VILA BOA";1128,38;1128,38
"530010 BRASILIA";13158172,40;13158172,40
"Total";916766270,30;916766270,30
 Fonte: Ministério da Saúde - Sistema de Informações Hospitalares do SUS (SIH/SUS)
 Notas:
 
 Dados referentes aos últimos seis meses, sujeitos a  atualização.
 A partir do processamento de junho de 2012, houve mudança na classificação da natureza e esfera dos estabelecimentos. Com isso, temos que:
      
      Até maio de 2012 estas informações estão disponíveis como "Natureza" e "Esfera Administrativa".
      De junho de 2012 a outubro de 2015, estão disponíveis tanto como "Natureza" e "Esfera Administrativa", como "Natureza Jurídica" e "Esfera Jurídica".
      A partir de novembro de 2015, estão disponíveis como "Natureza Jurídica" e "Esfera Jurídica".
      
 
